  0.0000000000  42162493.3583266700    -16867.3996138445      4888.8251926809         0.6150457725      3074.8746714950         0.3690563097  42166712.0000000000         0.0001000000         0.0002000000         0.0000600000        -0.0000580000        -0.0000000000
  0.0115740741  42051028.2967276300   3055492.3716154993      5228.7195897812      -223.4306899096      3066.7907030504         0.3412210561  42166712.0699632800         0.0001000602         0.0002001170         0.0000598443        -0.0000578227         0.0729187169
  0.0231481481  41715994.9207904600   6111608.4532935060      5539.1075717188      -446.2980290816      3042.4012412188         0.3117436048  42166712.1504913940         0.0001001248         0.0002002270         0.0000596894        -0.0000576459         0.1458374379
  0.0347222222  41159165.2019824000   9135231.4482389150      5818.5263360867      -666.8014901361      3001.8346369381         0.2807888160  42166712.2375081300         0.0001001920         0.0002003290         0.0000595353        -0.0000574694         0.2187561618
  0.0462962963  40383491.0098436800  12110283.3839697690      6065.6850852797      -883.7679739472      2945.3053768346         0.2485282998  42166712.3266139200         0.0001002600         0.0002004226         0.0000593820        -0.0000572934         0.2916748869
  0.0578703704  39393088.6024372900  15020943.3387517240      6279.4703946389     -1096.0430240153      2873.1129701103         0.2151394704  42166712.4133273200         0.0001003267         0.0002005079         0.0000592296        -0.0000571179         0.3645936120
  0.0694444444  38193216.8980372500  17851731.7330966000      6458.9506303733     -1302.4969919151      2785.6403792356         0.1808045842  42166712.4933288200         0.0001003902         0.0002005853         0.0000590780        -0.0000569428         0.4375123353
  0.0810185185  36790249.6380549900  20587592.8326051240      6603.3794377952     -1502.0310744255      2683.3520019501         0.1457097662  42166712.5626942000         0.0001004487         0.0002006557         0.0000589273        -0.0000567683         0.5104310554
  0.0925925926  35191641.5851708950  23213975.0162845400      6712.1983196368     -1693.5831892138      2566.7912146752         0.1100440281  42166712.6181050100         0.0001005008         0.0002007204         0.0000587773        -0.0000565942         0.5833497709
  0.1041666667  33405888.9341446160  25716908.3755243000      6785.0383213903     -1876.1336566867      2436.5774900269         0.0739982817  42166712.6570232600         0.0001005451         0.0002007809         0.0000586281        -0.0000564207         0.6562684803
  0.1157407407  31442484.1455067800  28083079.2227922500      6821.7208360907     -2048.7106565983      2293.4031036649         0.0377643490  42166712.6778178600         0.0001005810         0.0002008392         0.0000584797        -0.0000562478         0.7291871823
  0.1273148148  29311865.4226512830  30299901.1156881150      6822.2574667706     -2210.3954302191      2138.0294480053         0.0015340010  42166712.6804885900         0.0001006084         0.0002008970         0.0000583321        -0.0000560753         0.8021058759
  0.1388888889  27025361.2303788250  32355581.9504612650      6786.8493351455     -2360.3271935156      1971.2829738105        -0.0345021446  42166712.6640773640         0.0001006266         0.0002009564         0.0000581851        -0.0000559034         0.8750245601
  0.1504629630  24595129.8415660220  34239186.9145782800      6715.8847598140     -2497.7077490628      1794.0507798230        -0.0701554351  42166712.6305394800         0.0001006365         0.0002010193         0.0000580389        -0.0000557321         0.9479432340
  0.1620370370  22034094.6527276750  35940696.7552748300      6609.9368050951     -2621.8057518322      1607.2758769319        -0.1052402706  42166712.5820405560         0.0001006391         0.0002010875         0.0000578933        -0.0000555612         1.0208618973
  0.1736111111  19355875.3098298700  37451061.2043328900      6469.7594727091     -2731.9606205726      1411.9521515335        -0.1395750371  42166712.5214675900         0.0001006357         0.0002011623         0.0000577485        -0.0000553908         1.0937805495
  0.1851851852  16574715.1384977470  38762247.2120631260      6296.2830333143     -2827.5860678422      1209.1190560804        -0.1729830498  42166712.4522494900         0.0001006278         0.0002012450         0.0000576043        -0.0000552209         1.1666991904
  0.1967592593  13705405.2490928430  39867281.7440338900      6090.6084003439     -2908.1732308909       999.8560557445        -0.2052934724  42166712.3781521250         0.0001006171         0.0002013363         0.0000574607        -0.0000550515         1.2396178203
  0.2083333333  10763205.7241443500  40760288.9138061800      5854.0005531110     -2973.2933868438       785.2768613412        -0.2363422068  42166712.3030606200         0.0001006058         0.0002014365         0.0000573178        -0.0000548824         1.3125364393
  0.2199074074   7763764.3102655320  41436521.2554845960      5587.8810292184     -3022.6002379110       566.5234796732        -0.2659727449  42166712.2307622500         0.0001005955         0.0002015456         0.0000571756        -0.0000547137         1.3854550481
  0.2314814815   4723033.0491327290  41892384.9711383100      5293.8195203473     -3055.8317546481       344.7601133122        -0.2940369766  42166712.1647427500         0.0001005883         0.0002016630         0.0000570340        -0.0000545454         1.4583736473
  0.2430555556   1657183.2923987987  42125459.0199704800      4973.5246200074     -3072.8115676142       121.1669425449        -0.3203959476  42166712.1080092700         0.0001005858         0.0002017878         0.0000568931        -0.0000543774         1.5312922378
  0.2546296296  -1417480.4315724885  42134507.9537918500      4628.8336768614     -3073.4498997669      -103.0661767162        -0.3449205719  42166712.0625911650         0.0001005892         0.0002019186         0.0000567530        -0.0000542098         1.6042108208
  0.2662037037  -4484607.3284285570  41919488.4006631500      4261.7025221778     -3057.7440367333      -326.7460682648        -0.3674922189  42166712.0308780400         0.0001006000         0.0002020542         0.0000566135        -0.0000540424         1.6771293972
  0.2777777778  -7527887.3418743460  41481549.2366840300      3874.1934759052     -3025.7783269823      -548.6826027994        -0.3880033630  42166712.0134124900         0.0001006189         0.0002021928         0.0000564749        -0.0000538754         1.7500479684
  0.2893518519 -10531138.0789022050  40823025.3471443000      3468.4639286325     -2977.7237193512      -767.6950523118        -0.4063580321  42166712.0103238300         0.0001006461         0.0002023323         0.0000563370        -0.0000537086         1.8229665356
  0.3009259259 -13478390.9723019190  39947425.0824340060      3046.7539810023     -2913.8368345168      -982.6183903643        -0.4224722513  42166712.0210088600         0.0001006816         0.0002024711         0.0000561998        -0.0000535422         1.8958851004
  0.3125000000 -16353976.3058149650  38859411.4475154100      2611.3738724473     -2834.4585777984     -1192.3095069400        -0.4362743993  42166712.0442116500         0.0001007249         0.0002026073         0.0000560636        -0.0000533760         1.9688036641
  0.3240740741 -19142606.6310440750  37564777.1309956600      2164.6911876355     -2740.0123004210     -1395.6533037155        -0.4477054927  42166712.0781344550         0.0001007753         0.0002027393         0.0000559281        -0.0000532102         2.0417222279
  0.3356481481 -21829458.1278872940  36070413.5089437000      1709.1179222810     -2631.0015193574     -1591.5686366587        -0.4567193985  42166712.1205697800         0.0001008316         0.0002028656         0.0000557935        -0.0000530446         2.1146407933
  0.3472222222 -24400249.4713543280  34384273.7918513700      1247.0974828146     -2508.0072083927     -1779.0140736927        -0.4632829752  42166712.1690439700         0.0001008923         0.0002029851         0.0000556598        -0.0000528794         2.1875593615
  0.3587962963 -26841317.7814117860  32515330.5154983000       781.0916868487     -2371.6846755144     -1956.9934362286        -0.4673761462  42166712.2209624050         0.0001009559         0.0002030970         0.0000555269        -0.0000527146         2.2604779337
  0.3703703704 -29139691.2489118900  30473527.6076549180       313.5678237847     -2222.7600440961     -2124.5610946563        -0.4689919049  42166712.2737465200         0.0001010206         0.0002032009         0.0000553949        -0.0000525501         2.3333965108
  0.3819444444 -31283158.0526148100  28269727.2767371800      -153.0142096005     -2062.0263575644     -2280.8269901706        -0.4681362632  42166712.3247568400         0.0001010847         0.0002032970         0.0000552637        -0.0000523859         2.4063150938
  0.3935185185 -33260331.1819470300  25915652.1029123250      -616.2144567471     -1890.3393292667     -2424.9613514961        -0.4648280948  42166712.3721813800         0.0001011465         0.0002033850         0.0000551334        -0.0000522222         2.4792336835
  0.4050925926 -35060708.8685024100  23423822.4209817600     -1073.6255517102     -1708.6127616037     -2556.1990933901        -0.4590989986  42166712.4139282550         0.0001012042         0.0002034660         0.0000550040        -0.0000520588         2.5521522804
  0.4166666667 -36674730.2459995900  20807489.6329520900     -1522.8848316439     -1517.8136588698     -2673.8438583282        -0.4509930176  42166712.4484641000         0.0001012566         0.0002035407         0.0000548755        -0.0000518958         2.6250708849
  0.4282407407 -38093825.9932887200  18080565.5887267630     -1961.6862904913     -1318.9570616315     -2777.2716922342        -0.4405663401  42166712.4746425500         0.0001013024         0.0002036106         0.0000547477        -0.0000517331         2.6979894975
  0.4398148148 -39310463.6781579800  15257548.5031787200     -2387.7921618637     -1113.1006303363     -2865.9343308597        -0.4278869330  42166712.4917091650         0.0001013406         0.0002036769         0.0000546209        -0.0000515709         2.7709081181
  0.4513888889 -40318187.5702020500  12353445.7922487910     -2799.0441038306      -901.3390075706     -2939.3620810498        -0.4130341185  42166712.4992906100         0.0001013708         0.0002037414         0.0000544948        -0.0000514091         2.8438267467
  0.4629629630 -41111652.7178587900   9383694.2402004130     -3193.3739309969      -684.7979892449     -2997.1662825650        -0.3960980946  42166712.4973723600         0.0001013926         0.0002038056         0.0000543696        -0.0000512476         2.9167453831
  0.4745370370 -41686653.1152543950   6364077.9229080435     -3568.8138395716      -464.6285357907     -3039.0413383732        -0.3771794031  42166712.4862692900         0.0001014061         0.0002038713         0.0000542452        -0.0000510866         2.9896640269
  0.4861111111 -42040143.8156208500   3310644.3226390740     -3923.5060721181      -242.0006551029     -3064.7663035700        -0.3563883470  42166712.4665934000         0.0001014118         0.0002039401         0.0000541216        -0.0000509259         3.0625826776
  0.4976851852 -42170256.8796470600    239619.0782312933     -4255.7119703746       -18.0971894738     -3074.2060253521        -0.3338443599  42166712.4392231600         0.0001014104         0.0002040134         0.0000539988        -0.0000507655         3.1355013346
  0.5092592593 -42076311.1008400250  -2832680.1287875760     -4563.8196980745       205.8924586401     -3067.3118275954        -0.3096753481  42166712.4066371840         0.0001014034         0.0002040922         0.0000538768        -0.0000506055         3.2084199969
  0.5208333333 -41758815.3328818160  -5889930.3981825980     -4846.3546348387       428.7786423012     -3044.1217441137        -0.2840169141  42166712.3674406560         0.0001013912         0.0002041784         0.0000537556        -0.0000504459         3.2813386640
  0.5324074074 -41219465.7177980400  -8915889.9398180080     -5101.9822561666       649.3777618019     -3004.7602813735        -0.2570116925  42166712.3245091700         0.0001013758         0.0002042723         0.0000536352        -0.0000502866         3.3542573346
  0.5439814815 -40461136.4217764000 -11894484.4449301380     -5329.5170473487       866.5185420847     -2949.4377378235        -0.2288085116  42166712.2795139900         0.0001013586         0.0002043745         0.0000535155        -0.0000501276         3.4271760077
  0.5555555556 -39487864.2322037400 -14809892.3031111750     -5527.9272018167      1079.0482316147     -2878.4490638528        -0.1995615936  42166712.2342530600         0.0001013414         0.0002044851         0.0000533967        -0.0000499689         3.5000946822
  0.5671296296 -38304826.9797899700 -17646628.5108539700     -5696.3391807737      1285.8387026199     -2792.1722767879        -0.1694297181  42166712.1906110700         0.0001013259         0.0002046039         0.0000532786        -0.0000498105         3.5730133568
  0.5787037037 -36918315.9207796400 -20389626.7797218200     -5834.0414261037      1485.7924186972     -2691.0664380364        -0.1385753643  42166712.1505075900         0.0001013137         0.0002047303         0.0000531614        -0.0000496523         3.6459320303
  0.5902777778 -35335702.2266716100 -23024319.4103513600     -5940.4872043318      1677.8482384603     -2575.6692032014        -0.1071638383  42166712.1158338900         0.0001013061         0.0002048634         0.0000530449        -0.0000494944         3.7188507014
  0.6018518519 -33565397.7602013100 -25536714.5101383630     -6015.2965623522      1860.9870247399     -2446.5939582578        -0.0753623876  42166712.0883795300         0.0001013046         0.0002050022         0.0000529292        -0.0000493368         3.7917693689
  0.6134259259 -31616810.3468312400 -27913470.1464860000     -6058.2573792396      2034.2370298681     -2304.5265570991        -0.0433393092  42166712.0697494100         0.0001013101         0.0002051453         0.0000528144        -0.0000491794         3.8646880315
  0.6250000000 -29500293.7804138960 -30141965.0438663300     -6069.3255027542      2196.6790287785     -2150.2216779025        -0.0112630557  42166712.0612721300         0.0001013233         0.0002052909         0.0000527004        -0.0000490222         3.9376066880
  0.6365740741 -27227092.7873674400 -32210365.4642829080     -6048.6245750073      2347.4511750071     -1984.4988173880         0.0206986843  42166712.0625126400         0.0001013440         0.0002054375         0.0000525873        -0.0000488652         4.0105253374
  0.6481481481 -24809283.4958427320 -34107687.8411509000     -5996.4418381407      2485.7535423371     -1808.2379466583         0.0523797558  42166712.0767693450         0.0001013734         0.0002055833         0.0000524750        -0.0000487084         4.0834439785
  0.6597222222 -22259709.1002861100 -35823857.0320875200     -5913.2292775396      2610.8523583735     -1622.3748468644         0.0836165673  42166712.1026317000         0.0001014105         0.0002057265         0.0000523636        -0.0000485518         4.1563626105
  0.6712962963 -19591911.8928063740 -37349759.6244242300     -5799.5975678977      2722.0838682428     -1427.8961551630         0.1142488320  42166712.1395118200         0.0001014545         0.0002058655         0.0000522531        -0.0000483954         4.2292812327
  0.6828703704 -16820061.4051547400 -38677292.2111009700     -5656.3123377984      2818.8578386045     -1225.8341437041         0.1441204124  42166712.1862244600         0.0001015043         0.0002059988         0.0000521435        -0.0000482392         4.3021998444
  0.6944444444 -13958879.2868137450 -39799404.3067771640     -5484.2889767763      2900.6606721118     -1017.2612603006         0.1730801088  42166712.2409978900         0.0001015587         0.0002061254         0.0000520349        -0.0000480832         4.3751184452
  0.7060185185 -11023561.2751688730 -40710135.6944336440     -5284.5866799513      2967.0581185576      -803.2844592542         0.2009824104  42166712.3015240950         0.0001016160         0.0002062442         0.0000519272        -0.0000479274         4.4480370349
  0.7175925926  -8029696.6681891410 -41404648.0090272350     -5058.4017931573      3017.6975690442      -585.0393518624         0.2276882064  42166712.3650449400         0.0001016744         0.0002063548         0.0000518204        -0.0000477719         4.5209556136
  0.7291666667  -4993185.7220020990 -41879250.3946660100     -4807.0605251282      3052.3099216246      -363.6842069040         0.2530654524  42166712.4284712150         0.0001017320         0.0002064571         0.0000517147        -0.0000476166         4.5938741814
  0.7407407407  -1930155.4056330158 -42131419.1021690900     -4532.0110947840      3070.7110089799      -140.3938320269         0.2769897925  42166712.4885314200         0.0001017871         0.0002065513         0.0000516099        -0.0000474615         4.6667927387
  0.7523148148   1143126.0469525394 -42159810.9246508550     -4234.8153810053      3072.8025808188        83.6466325250         0.2993451327  42166712.5419470000         0.0001018379         0.0002066382         0.0000515060        -0.0000473067         4.7397112863
  0.7638888889   4210335.3090138845 -41964270.4165983350     -3917.1397148973      3058.5728349917       307.2479746258         0.3200241334  42166712.5864425700         0.0001018832         0.0002067191         0.0000514032        -0.0000471522         4.8126298248
  0.7754629630   7255180.6027918390 -41545830.7582210150     -3580.7474358315      3028.0964992686       529.2232015427         0.3389288201  42166712.6176385600         0.0001019209         0.0002067947         0.0000513012        -0.0000469980         4.8855483555
  0.7870370370  10261487.8721792830 -40906708.4992465450     -3227.4867485583      2981.5344498002       748.3938090926         0.3559708198  42166712.6341638700         0.0001019505         0.0002068670         0.0000512003        -0.0000468442         4.9584668793
  0.7986111111  13213286.6795244680 -40050291.8870488550     -2859.2827043164      2919.1328855892       963.5960229031         0.3710718720  42166712.6345155600         0.0001019714         0.0002069379         0.0000511002        -0.0000466906         5.0313853978
  0.8101851852  16094894.8938321770 -38981123.0707516700     -2478.1266620593      2841.2220484804      1173.6869596931         0.3841641341  42166712.6180023500         0.0001019834         0.0002070092         0.0000510010        -0.0000465373         5.1043039122
  0.8217592593  18891001.9154448620 -37704874.1762538000     -2086.0659499780      2748.2145002370      1377.5506840032         0.3951904711  42166712.5848191000         0.0001019867         0.0002070829         0.0000509027        -0.0000463844         5.1772224241
  0.8333333333  21586749.9647321960 -36228317.3878619200     -1685.1932893337      2640.6029638341      1574.1041271420         0.4041046970  42166712.5360683000         0.0001019821         0.0002071608         0.0000508053        -0.0000462317         5.2501409350
  0.8449074074  24167813.0025925450 -34559289.1890553600     -1277.6360002602      2518.9577394594      1762.3028368718         0.4108717659  42166712.4737298600         0.0001019706         0.0002072445         0.0000507086        -0.0000460793         5.3230594465
  0.8564814815  26620472.8618525970 -32706648.9466329300      -865.5450143291      2383.9237080685      1941.1465270633         0.4154679120  42166712.4005805200         0.0001019537         0.0002073354         0.0000506129        -0.0000459272         5.3959779601
  0.8680555556  28931692.1825051420 -30680232.0534984170      -451.0837257234      2236.2169376801      2109.6843974711         0.4178807348  42166712.3200642800         0.0001019330         0.0002074343         0.0000505179        -0.0000457753         5.4688964772
  0.8796296296  31089183.7601232340 -28490797.8753389600       -36.4167215030      2076.6209098607      2267.0201949181         0.4181092264  42166712.2361150760         0.0001019104         0.0002075420         0.0000504237        -0.0000456237         5.5418149991
  0.8912037037  33081475.9535127540 -26149972.7378217350       376.3013263659      1905.9823851549      2412.3169900477         0.4161637816  42166712.1526098400         0.0001018878         0.0002076581         0.0000503303        -0.0000454722         5.6147335273
  0.9027777778  34897973.6915115640 -23670188.4773745800       784.9379351254      1725.2069342537      2544.8016346351         0.4120659388  42166712.0744909050         0.0001018673         0.0002077833         0.0000502378        -0.0000453209         5.6876520624
  0.9143518519  36529015.0274835300 -21064616.3296308220      1187.3925733920      1535.2541462069      2663.7688986922         0.4058484661  42166712.0055074500         0.0001018507         0.0002079163         0.0000501460        -0.0000451696         5.7605706053
  0.9259259259  37965922.5688759240 -18347097.2351902650      1581.6087614744      1337.1325545767      2768.5852337309         0.3975549764  42166711.9493337650         0.0001018395         0.0002080560         0.0000500551        -0.0000450185         5.8334891568
  0.9375000000  39201049.7861927300 -15532068.3882201160      1965.5846097138      1131.8942971581      2858.6921657419         0.3872396802  42166711.9090200140         0.0001018352         0.0002082010         0.0000499650        -0.0000448675         5.9064077171
  0.9490740741  40227821.8413195100 -12634486.6323153730      2337.3832608272       920.6295416556      2933.6092901105         0.3749670348  42166711.8868151400         0.0001018386         0.0002083495         0.0000498758        -0.0000447165         5.9793262864
  0.9606481481  41040770.7356668600  -9669749.0724805180      2695.1428761129       704.4607059483      2992.9368539994         0.3608113351  42166711.8840363900         0.0001018504         0.0002084996         0.0000497875        -0.0000445656         6.0522448646
  0.9722222222  41635564.5896522500  -6653611.3219715290      3037.0860829919       484.5365032549      3036.3579122497         0.3448562465  42166711.9009893900         0.0001018706         0.0002086494         0.0000497002        -0.0000444146         6.1251634513
  0.9837962963  42009030.8954499000  -3602103.8149486063      3361.5288124868       262.0258433799      3063.6400450081         0.3271942896  42166711.9369422300         0.0001018989         0.0002087969         0.0000496138        -0.0000442638         6.1980820458
  0.9953703704  42159173.6159545700   -531446.6260805634      3666.8884682359        38.1116219730      3074.6366274712         0.3079262782  42166711.9901575600         0.0001019345         0.0002089402         0.0000495284        -0.0000441130         6.2710006475
