  0.0000000000  42162493.3583266700    -16867.3996138445      4888.8251926809         0.6150457725      3074.8746714950         0.3690563097  42166712.0000000000         0.0001000000         0.0002000000         0.0000600000        -0.0000580000        -0.0000000000
  0.0115740741  42051040.7945951450   3055325.9892138983      5243.7693531172      -223.4230082176      3066.7886018716         0.3405437778  42166640.0870827600         0.0000982384         0.0002015035         0.0000597473        -0.0000580090         0.0729177903
  0.0231481481  41716040.1194684300   6111274.0781945070      5569.3629855597      -446.2829322212      3042.3982482731         0.3103822249  42166563.3138424100         0.0000962447         0.0002029785         0.0000595223        -0.0000580334         0.1458360076
  0.0347222222  41159262.8670441400   9134729.5539232470      5864.0392743764      -666.7794590034      3001.8319710252         0.2787373243  42166482.9868328650         0.0000940438         0.0002044092         0.0000593265        -0.0000580693         0.2187546728
  0.0462962963  40383660.1649431500  12109616.5879493080      6126.4007164034      -883.7397173986      2945.3042314252         0.2457818776  42166400.4397677900         0.0000916619         0.0002057839         0.0000591610        -0.0000581122         0.2916738001
  0.0578703704  39393347.2045087740  15020116.4163590610      6355.2257930716     -1096.0094864439      2873.1144726201         0.2116948968  42166317.0171048700         0.0000891257         0.0002070947         0.0000590262        -0.0000581579         0.3645933962
  0.0694444444  38193581.5024559050  17850751.5722678450      6549.4747090671     -1302.4593527678      2785.6455456940         0.1766606560  42166234.0588054600         0.0000864615         0.0002083380         0.0000589220        -0.0000582018         0.4375134609
  0.0810185185  36790735.0673562700  20586468.3202868250      6708.2941688397     -1501.9907380488      2683.3616890907         0.1408677162  42166152.8862462300         0.0000836948         0.0002095137         0.0000588476        -0.0000582397         0.5104339868
  0.0925925926  35192260.6172115060  23212716.8513833620      6831.0211671899     -1693.5417640286      2566.8060719386         0.1045079295  42166074.7891920060         0.0000808496         0.0002106255         0.0000588016        -0.0000582675         0.5833549600
  0.1041666667  33406652.0264652000  25715528.8083135260      6917.1857751728     -1876.0929234246      2436.5979142236         0.0677754266  42166001.0136784200         0.0000779476         0.0002116800         0.0000587822        -0.0000582811         0.6562763598
  0.1157407407  31443399.2119629570  28081591.7259152800      6966.5129076494     -2048.6725261122      2293.4291990688         0.0308655931  42165932.7506036300         0.0000750083         0.0002126867         0.0000587868        -0.0000582771         0.7291981593
  0.1273148148  29312937.6974098160  30298319.9869296480      6978.9230639493     -2210.3618911520      2138.0609946058        -0.0060259595  42165871.1247910900         0.0000720483         0.0002136571         0.0000588126        -0.0000582520         0.8021203255
  0.1388888889  27026593.1246323400  32353921.9125786240      6954.5320382645     -2360.3002565981      1971.3194050588        -0.0427044244  42165817.1842638600         0.0000690810         0.0002146043         0.0000588563        -0.0000582031         0.8750428197
  0.1504629630  24596521.0072682460  34237462.6277690600      6893.6496015520     -2497.6893805453      1794.0911726824        -0.0789768252  42165771.8894672540         0.0000661169         0.0002155424         0.0000589143        -0.0000581281         0.9479655978
  0.1620370370  22035642.0482285000  35938922.3633988050      6796.7771618489     -2621.7978085376      1607.3189541057        -0.1146530325  42165736.1021929200         0.0000631631         0.0002164858         0.0000589825        -0.0000580251         1.0208886107
  0.1736111111  19357573.3662625360  37449249.8826903900      6664.6044149948     -2731.9647842641      1411.9962964048        -0.1495467656  42165710.5739953200         0.0000602236         0.0002174483         0.0000590569        -0.0000578929         1.0938118049
  0.1851851852  16576555.9990773160  38760410.7446330400      6498.0050027809     -2827.6037823993      1209.1623398692        -0.1834765752  42165695.9339522940         0.0000572995         0.0002184429         0.0000591331        -0.0000577308         1.1667351226
  0.1967592593  13707379.0705890840  39865430.1453335300      6298.0312005035     -2908.2056444902       999.8962759108        -0.2162668010  42165692.6757059700         0.0000543896         0.0002194807         0.0000592070        -0.0000575387         1.2396585025
  0.2083333333  10765301.0279185060  40758430.1072049200      6065.9076607733     -2973.3413009425       785.3115898965        -0.2477485007  42165701.1438266400         0.0000514902         0.0002205705         0.0000592741        -0.0000573170         1.3125818804
  0.2199074074   7765968.3695727280  41434660.8163020900      5803.0242452267     -3022.6640644010       566.5501198561        -0.2777603446  42165721.5196707300         0.0000485964         0.0002217182         0.0000593304        -0.0000570668         1.3855051899
  0.2314814815   4725332.2998079460  41890525.9395753800      5510.9279804894     -3055.9114821407       344.7759630091        -0.3061494715  42165753.8070492740         0.0000457022         0.0002229264         0.0000593717        -0.0000567898         1.4584283632
  0.2430555556   1659563.7553625037  42123601.7861871500      5191.3141793737     -3072.9067374713       121.1692628844        -0.3327723020  42165797.8181820100         0.0000428014         0.0002241937         0.0000593945        -0.0000564882         1.5313513316
  0.2546296296  -1415032.7404708720  42132650.2101440800      4846.0167728426     -3073.5595926000      -103.0800895544        -0.3574953025  42165853.1605759200         0.0000398887         0.0002255148         0.0000593953        -0.0000561646         1.6042740274
  0.2662037037  -4482105.9351449030  41917625.1851589750      4476.9979027662     -3057.8668678757      -326.7788068995        -0.3801956988  42165919.2256273200         0.0000369603         0.0002268802         0.0000593712        -0.0000558221         1.6771963843
  0.2777777778  -7525344.9504169040  41479673.0166909840      4086.3368299297     -3025.9124548442      -548.7365742458        -0.4007621318  42165995.1798910600         0.0000340146         0.0002282762         0.0000593196        -0.0000554643         1.7501183389
  0.2893518519 -10528566.1657423400  40821126.1903334100      3676.2182161347     -2977.8668630637      -767.7724018405        -0.4190952524  42166079.9600764000         0.0000310538         0.0002296855         0.0000592385        -0.0000550951         1.8230398321
  0.3009259259 -13475799.4162867520  39945490.8899459200      3248.9198435720     -2913.9863031463      -982.7209272675        -0.4351082515  42166172.2728999300         0.0000280838         0.0002310872         0.0000591265        -0.0000547186         1.8959608107
  0.3125000000 -16351373.0440606850  38857428.2529748450      2806.7998389111     -2834.6113109990     -1192.4386332693        -0.4487273199  42166270.6009366800         0.0000251157         0.0002324576         0.0000589828        -0.0000543391         1.9688812287
  0.3240740741 -19139997.3468977360  37562729.4640923440      2352.2834737352     -2740.1649207160     -1395.8099477601        -0.4598920351  42166373.2155448050         0.0000221659         0.0002337714         0.0000588072        -0.0000539611         2.0418010487
  0.3356481481 -21826845.9786727600  36068284.8214312600      1887.8496169994     -2631.1503960162     -1591.7531932135        -0.4685556697  42166478.1977836400         0.0000192562         0.0002350024         0.0000586001        -0.0000535891         2.1147202440
  0.3472222222 -24397634.8652511240  34382046.9421206800      1416.0169190301     -2508.1485325124     -1779.2263534147        -0.4746854193  42166583.4679894200         0.0000164144         0.0002361245         0.0000583627        -0.0000532274         2.1876387993
  0.3587962963 -26838698.2141177700  32512988.3053631150       939.3298101342     -2371.8145454277     -1957.2326265438        -0.4782625448  42166686.8243156200         0.0000136736         0.0002371135         0.0000580969        -0.0000528803         2.2605567123
  0.3703703704 -29137061.2113844450  30471053.3617660300       460.3444000089     -2222.8745596313     -2124.8257347070        -0.4792824283  42166785.9900894700         0.0000110716         0.0002379482         0.0000578049        -0.0000525517         2.3334739949
  0.3819444444 -31280509.0178389140  28267105.4668825100       -18.3856332994     -2062.1217210361     -2281.1149613435        -0.4777545378  42166878.6693005300         0.0000086498         0.0002386112         0.0000574898        -0.0000522454         2.4063906733
  0.3935185185 -33257651.6957869870  25912868.9247638060      -494.3230743150     -1890.4119504730     -2425.2698894096        -0.4737023018  42166962.6089473400         0.0000064523         0.0002390906         0.0000571552        -0.0000519645         2.4793067888
  0.4050925926 -35057984.7205440000  23420866.4536228200      -964.9610294444     -1708.6593631191     -2556.5248148712        -0.4671628917  42167035.6663643300         0.0000045238         0.0002393804         0.0000568052        -0.0000517117         2.5522223975
  0.4166666667 -36671944.7544397700  20804352.4103004150     -1427.8365233646     -1517.8313783952     -2674.1828118132        -0.4581869137  42167095.8790809400         0.0000029078         0.0002394813         0.0000564441        -0.0000514890         2.6251375695
  0.4282407407 -38090960.3869806200  18077242.1329689550     -1880.5437425723     -1318.9435469536     -2777.6194273940        -0.4468380119  42167141.5342837900         0.0000016450         0.0002394009         0.0000560768        -0.0000512979         2.6980523879
  0.4398148148 -39307497.5722223100  15254037.7822635970     -2320.7468389289     -1113.0541229288     -2866.2859869271        -0.4331923856  42167171.2346153100         0.0000007710         0.0002391531         0.0000557082        -0.0000511391         2.7709669471
  0.4513888889 -40315099.5232921700  12349751.0796720720     -2746.1922101860      -901.2584110203     -2939.7124915452        -0.4173382272  42167183.9568985000         0.0000003143         0.0002387579         0.0000553434        -0.0000510125         2.8438813506
  0.4629629630 -41108420.8541913100   9379823.3584240750     -3154.7201800166      -684.6829191931     -2997.5100931900        -0.3993750842  42167179.1004632860         0.0000002950         0.0002382402         0.0000549874        -0.0000509174         2.9167957082
  0.4745370370 -41683255.7903276500   6360043.3561971690     -3544.2760069019      -464.4793488189     -3039.3731340455        -0.3794131561  42167156.5220835060         0.0000007235         0.0002376282         0.0000546451        -0.0000508521         2.9897101331
  0.4861111111 -42036560.3014895250   3306463.1906125224     -3912.9201591661      -241.8184549188     -3065.0807399956        -0.3575725317  42167116.5551074500         0.0000015995         0.0002369522         0.0000543210        -0.0000508146         3.0626247389
  0.4976851852 -42166468.0439679000    235312.9676629172     -4258.8378022439       -17.8838098107     -3074.4979601969        -0.3339823775  42167060.0111476500         0.0000029117         0.0002362422         0.0000540194        -0.0000508017         3.1355396360
  0.5092592593 -42072300.0320695800  -2837085.5201541996     -4580.3474536056       206.1344961098     -3067.5764474172        -0.3087800864  42166988.1636321250         0.0000046386         0.0002355265         0.0000537440        -0.0000508101         3.2084549281
  0.5208333333 -41754567.9931230300  -5894405.5451575360     -4875.9087702989       429.0461824979     -3044.3546763562        -0.2821103957  42166902.7135347600         0.0000067487         0.0002348301         0.0000534977        -0.0000508356         3.2813707096
  0.5324074074 -41214971.3940576000  -8920402.1829200330     -5144.1294434440       649.6671021335     -3004.9576997363        -0.2541244844  42166805.7386143650         0.0000092025         0.0002341725         0.0000532830        -0.0000508737         3.3542870620
  0.5439814815 -40456388.1615239460 -11898998.5765459100     -5383.7711829165       866.8255251621     -2949.5964444859        -0.2249790579  42166699.6284154900         0.0000119538         0.0002335676         0.0000531015        -0.0000509198         3.4272040523
  0.5555555556 -39482859.1511209100 -14814371.2690842840     -5593.7547835892      1079.3683511189     -2878.5665528386        -0.1948354273  42166587.0080442200         0.0000149525         0.0002330219         0.0000529541        -0.0000509688         3.5001217303
  0.5671296296 -38299566.4544062100 -17651034.1524195040     -5773.1642716819      1286.1672159273     -2792.2467755934        -0.1638585916  42166470.6542748700         0.0000181461         0.0002325351         0.0000528407        -0.0000510159         3.5730401279
  0.5787037037 -36912805.6648121550 -20393920.5894083270     -5921.2501358768      1486.1244618196     -2691.0969271388        -0.1322163257  42166353.4078326000         0.0000214825         0.0002321001         0.0000527607        -0.0000510562         3.6459592582
  0.5902777778 -35329952.2551944100 -23028463.2767702970     -6037.4316528530      1678.1789390468     -2575.6554140946        -0.1000782820  42166238.0857285800         0.0000249121         0.0002317035         0.0000527124        -0.0000510850         3.7188791154
  0.6018518519 -33559422.2503508500 -25540671.4291799200     -6121.2983208501      1861.3116093139     -2446.5363515821        -0.0676151054  42166127.3973135400         0.0000283898         0.0002313269         0.0000526936        -0.0000510980         3.7917996758
  0.6134259259 -31610627.4073193200 -27917204.8800503570     -6172.6104178840      2034.5509220849     -2304.4262831766        -0.0349975676  42166023.8673002940         0.0000318762         0.0002309483         0.0000527015        -0.0000510913         3.8647208983
  0.6250000000 -29493925.1444639750 -30145444.7115249700     -6191.2987034871      2196.9779362297     -2150.0805225230        -0.0023957206  42165929.7684359200         0.0000353392         0.0002305438         0.0000527324        -0.0000510616         3.9376427269
  0.6365740741 -27220563.4871769800 -32213560.0450921320     -6177.4632845139      2347.7311609239     -1984.3191364087         0.0300219285  42165847.0658384040         0.0000387542         0.0002300893         0.0000527827        -0.0000510061         4.0105650920
  0.6481481481 -24802621.3233473040 -34110570.6448849600     -6131.3716668311      2486.0110912560     -1808.0225907773         0.0620892208  42165777.3743057600         0.0000421044         0.0002295621         0.0000528478        -0.0000509228         4.0834879134
  0.6597222222 -22252944.2854906020 -35826405.0080107100     -6053.4560157837      2611.0844156185     -1622.1270827412         0.0936431241  42165721.9292106600         0.0000453807         0.0002289426         0.0000529233        -0.0000508102         4.1564111026
  0.6712962963 -19585076.5985058730 -37351953.6400479900     -5944.3096493545      2722.2878736748     -1427.6195831056         0.1245244890  42165681.5709521550         0.0000485805         0.0002282156         0.0000530045        -0.0000506679         4.2293345653
  0.6828703704 -16813189.2523493100 -38679117.2390413100     -5804.6827890239      2819.0317454718     -1225.5326152521         0.1545787774  42165656.7423785550         0.0000517071         0.0002273715         0.0000530867        -0.0000504957         4.3022582045
  0.6944444444 -13952004.8774237060 -39800849.5377905800     -5635.4775945901      2900.8029541246     -1016.9387974522         0.1836567654  42165647.4981405600         0.0000547682         0.0002264068         0.0000531654        -0.0000502945         4.3751819228
  0.7060185185 -11016719.7171041160 -40711194.5818630460     -5437.7425106689      2967.1677664124      -802.9451767790         0.2116152172  42165653.5245903600         0.0000577744         0.0002253246         0.0000532362        -0.0000500657         4.4481056250
  0.7175925926  -8022923.1064986300 -41405318.2494258360     -5212.6659542759      3017.7740775991      -584.6873837710         0.2383175284  42165674.1686084800         0.0000607377         0.0002241346         0.0000532951        -0.0000498115         4.5210292201
  0.7291666667  -4986514.8792174550 -41879533.8485906800     -4961.5693747985      3052.3532688251      -363.3236378603         0.2636343377  42165708.4736092900         0.0000636704         0.0002228528         0.0000533383        -0.0000495343         4.5939526234
  0.7407407407  -1923621.1345414962 -42131321.6583550650     -4685.8997197545      3070.7216274981      -140.0286343168         0.2874441033  42165755.2209349500         0.0000665830         0.0002215006         0.0000533626        -0.0000492374         4.6668757583
  0.7523148148   1149491.1941080740 -42159342.3102895840     -4387.2213419709      3072.7813232386        84.0126559328         0.3096336432  42165812.9748823700         0.0000694838         0.0002201039         0.0000533654        -0.0000489242         4.7397985572
  0.7638888889   4216500.5221363800 -41963443.9397312300     -4067.2073861477      3058.5209341127       307.6112417737         0.3300986357  42165880.1297026900         0.0000723774         0.0002186924         0.0000533445        -0.0000485986         4.8127209628
  0.7754629630   7261117.0967500060 -41544663.0672597500     -3727.6306951334      3028.0155200913       529.5803904845         0.3487440792  42165954.9570523900         0.0000752645         0.0002172977         0.0000532986        -0.0000482647         4.8856429290
  0.7870370370  10267169.3265686740 -40905219.2035214300     -3370.3542785872      2981.4262429162       748.7418970562         0.3654847072  42166035.6525466400         0.0000781409         0.0002159525         0.0000532266        -0.0000479265         4.9585644205
  0.7986111111  13218689.5048136580 -40048503.2028773700     -2997.3213889732      2918.9995338178       963.9323118245         0.3802453582  42166120.3802557300         0.0000809981         0.0002146890         0.0000531285        -0.0000475884         5.0314854137
  0.8101851852  16099998.4755955670 -38979059.4237379400     -2610.5452519800      2841.0658128056      1174.0090940935         0.3929612967  42166207.3141852100         0.0000838229         0.0002135379         0.0000530046        -0.0000472544         5.1044058963
  0.8217592593  18895788.7976849150 -37702561.7856553700     -2212.0985004383      2748.0377655350      1377.8566596824         0.4035784848  42166294.6759811800         0.0000865980         0.0002125269         0.0000528559        -0.0000469286         5.1773258663
  0.8333333333  21591205.9672940450 -36225783.8451152500     -1804.1023625874      2640.4081860312      1574.3922907481         0.4120538019  42166380.7682975160         0.0000893024         0.0002116802         0.0000526840        -0.0000466146         5.2502453324
  0.8449074074  24171927.2708078900 -34556563.0433430500     -1388.7156570737      2518.7473958070      1762.5718768122         0.4183552111  42166464.0034474500         0.0000919126         0.0002110173         0.0000524910        -0.0000463161         5.3231643122
  0.8564814815  26624237.8500573600 -32703759.3101530800      -968.1236483462      2383.7002521406      1941.3954566641         0.4224618718  42166542.9271336600         0.0000944029         0.0002105526         0.0000522794        -0.0000460359         5.3960828319
  0.8680555556  28935103.5765905900 -30677208.2377575340      -544.5268171009      2235.9827604652      2109.9125317185         0.4243641970  42166616.2372068540         0.0000967465         0.0002102953         0.0000520523        -0.0000457768         5.4690009253
  0.8796296296  31092240.3474189300 -28487669.0673539680      -120.1296011230      2076.3783079495      2267.2271224730         0.4240638553  42166682.7975413200         0.0000989166         0.0002102488         0.0000518130        -0.0000455409         5.5419186324
  0.8912037037  33084179.4328300600 -26146767.7590619330       302.8708377401      1905.7335374087      2412.5025409420         0.4215737163  42166741.6472352300         0.0001008871         0.0002104111         0.0000515650        -0.0000453296         5.6148359982
  0.9027777778  34900328.5269960600 -23666935.4422241700       722.2957646684      1724.9538826622      2544.9658533272         0.4169177414  42166792.0054445200         0.0001026338         0.0002107750         0.0000513120        -0.0000451442         5.6877530723
  0.9143518519  36531028.1741676200 -21061342.5680712900      1135.9958854665      1534.9987883322      2663.9120087227         0.4101308184  42166833.2722403000         0.0001041345         0.0002113284         0.0000510579        -0.0000449849         5.7606699070
  0.9259259259  37967603.2671367200 -18343829.1101220300      1541.8621676738      1336.8766388512      2768.7076113324         0.4012585419  42166865.0259426800         0.0001053703         0.0002120553         0.0000508064        -0.0000448518         5.8335865565
  0.9375000000  39202409.3402517100 -15528831.1793141010      1937.8364150736      1131.6394230921      2858.7943154990         0.3903569399  42166887.0174276000         0.0001063258         0.0002129359         0.0000505613        -0.0000447441         5.9065030764
  0.9490740741  40228873.4064532000 -12631304.4406012600      2321.9215426764       920.3771625539      2933.6918247858         0.3774921482  42166899.1619298600         0.0001069894         0.0002139475         0.0000503262        -0.0000446606         5.9794195218
  0.9606481481  41041529.1164298200  -9666644.7354856770      2692.1915007389       704.2121324061      2993.0004784197         0.3627400347  42166901.5288745300         0.0001073537         0.0002150656         0.0000501044        -0.0000445996         6.0523359473
  0.9722222222  41636046.0479181560  -6650606.3305707540      3046.8007981613       484.2929059129      3036.4034105718         0.3461857741  42166894.3302622000         0.0001074157         0.0002162644         0.0000498989        -0.0000445590         6.1252524061
  0.9837962963  42009252.9642341060  -3599218.2256186570      3383.9935776654       261.7882538131      3063.6682702195         0.3279233771  42166877.9081119100         0.0001071762         0.0002175176         0.0000497125        -0.0000445360         6.1981689488
  0.9953703704  42159154.9131557050   -528698.9656852246      3702.1121974809        37.8809311175      3074.6484916754         0.3080551745  42166852.7214303800         0.0001066404         0.0002187991         0.0000495474        -0.0000445277         6.2710856234
