  0.0000000000  42162493.3583266700    -16867.3996138445      4888.8251926809         0.6150457725      3074.8746714950         0.3690563097  42166712.0000000000         0.0001000000         0.0002000000         0.0000600000        -0.0000580000        -0.0000000000
  0.0115740741  42051039.0220040100   3055327.2578915800      5244.5565991943      -223.4265297989      3066.7911306517         0.3420909309  42166712.9458863660         0.0000999247         0.0002026786         0.0000599989        -0.0000580000         0.0729199224
  0.0231481481  41716033.1204923840   6111279.1135068600      5572.4002972391      -446.2898423922      3042.4032388331         0.3133056041  42166713.8971844800         0.0000996547         0.0002053442         0.0000599979        -0.0000580002         0.1458398414
  0.0347222222  41159247.3153885800   9134740.7696887400      5870.6120515310      -666.7896334417      3001.8393211527         0.2828533065  42166714.8501917400         0.0000991913         0.0002079827         0.0000599968        -0.0000580004         0.2187597570
  0.0462962963  40383632.8603229300  12109636.2765492630      6137.6051218407      -883.7530258972      2945.3138002510         0.2508959116  42166715.8011965450         0.0000985369         0.0002105800         0.0000599957        -0.0000580006         0.2916796693
  0.0578703704  39393305.0861096700  15020146.7102052850      6371.9587328538     -1096.0257777496      2873.1260816128         0.2176033288  42166716.7464979600         0.0000976951         0.0002131222         0.0000599947        -0.0000580010         0.3645995782
  0.0694444444  38193521.6773928000  17850794.4084858370      6572.4256619675     -1302.4784399363      2785.6589840721         0.1831526001  42166717.6824252600         0.0000966703         0.0002155959         0.0000599937        -0.0000580014         0.4375194837
  0.0810185185  36790654.8530611200  20586525.4129174300      6737.9389039231     -1502.0123854064      2683.3767233813         0.1477269581  42166718.6053574100         0.0000954679         0.0002179877         0.0000599927        -0.0000580019         0.5104393860
  0.0925925926  35192157.5956307500  23212789.6750121640      6867.6173760849     -1693.5656767488      2566.8224591709         0.1115148503  42166719.5117421700         0.0000940943         0.0002202851         0.0000599918        -0.0000580024         0.5833592849
  0.1041666667  33406524.1070042330  25715618.5964184700      6960.7706333091     -1876.1187405900      2436.6154180347         0.0747089349  42166720.3981149300         0.0000925568         0.0002224757         0.0000599910        -0.0000580030         0.6562791806
  0.1157407407  31443244.6993267350  28081699.4864053000      7016.9025666470     -2048.6998179598      2293.4476078163         0.0375050532  42166721.2611169900         0.0000908637         0.0002245477         0.0000599903        -0.0000580036         0.7291990732
  0.1273148148  29312755.3598940900  30298446.5363691700      7035.7140655908     -2210.3901609887      2138.0801404433         0.0001011854  42166722.0975133700         0.0000890240         0.0002264902         0.0000599896        -0.0000580043         0.8021189627
  0.1388888889  27026382.2580486240  32354067.9294965340      7017.1046291459     -2360.3289476393      1971.3391828345        -0.0373036065  42166722.9042098700         0.0000870475         0.0002282926         0.0000599891        -0.0000580049         0.8750388492
  0.1504629630  24596281.4895582760  34237628.7242866750      6961.1729166884     -2497.7178876759      1794.1115574809        -0.0745102410  42166723.6782694200         0.0000849447         0.0002299455         0.0000599886        -0.0000580055         0.9479587329
  0.1620370370  22035374.3799534370  35939109.1732301400      6868.2162352927     -2621.8254947369      1607.3400162594        -0.1113206811  42166724.4169276900         0.0000827269         0.0002314398         0.0000599882        -0.0000580061         1.0208786139
  0.1736111111  19357278.6925382200  37449458.1624248200      6738.7289659693     -2731.9910011826      1412.0182128706        -0.1475389917  42166725.1176075400         0.0000804060         0.0002327676         0.0000599879        -0.0000580066         1.0937984923
  0.1851851852  16576236.1091608810  38760641.4841585800      6573.3999370048     -2827.6278943348      1209.1854009811        -0.1829723865  42166725.7779327560         0.0000779945         0.0002339218         0.0000599877        -0.0000580071         1.1667183682
  0.1967592593  13707036.3721857130  39865684.6823495500      6373.1087582990     -2908.2270547945       999.9208866857        -0.2174322585  42166726.3957405240         0.0000755052         0.0002348962         0.0000599875        -0.0000580075         1.2396382419
  0.2083333333  10764938.4943377710  40758710.2400552800      6138.9211362373     -2973.3594797107       785.3382652878        -0.2507351876  42166726.9690928800         0.0000729515         0.0002356856         0.0000599874        -0.0000580078         1.3125581134
  0.2199074074   7765589.4590864180  41434968.9088742060      5872.0831941622     -3022.6785761552       566.5794735953        -0.2827039208  42166727.4962869100         0.0000703471         0.0002362856         0.0000599874        -0.0000580080         1.3854779830
  0.2314814815   4724940.8478977320  41890865.0117928200      5574.0148289087     -3055.9220121337       344.8086899635        -0.3131683189  42166727.9758636700         0.0000677060         0.0002366932         0.0000599874        -0.0000580081         1.4583978507
  0.2430555556   1659163.8419401825  42123975.5836992800      5246.3021390912     -3072.9131152035       121.2061151571        -0.3419662654  42166728.4066160000         0.0000650423         0.0002369061         0.0000599874        -0.0000580081         1.5313177169
  0.2546296296  -1415436.9453898973  42133063.2471988950      4890.6889658646     -3073.5618111729      -103.0383322415        -0.3689445323  42166728.7875947500         0.0000623703         0.0002369232         0.0000599874        -0.0000580080         1.6042375817
  0.2662037037  -4482510.3425004720  41918082.7553422400      4509.0675916822     -3057.8650979000      -326.7313716899        -0.3939595970  42166729.1181138160         0.0000597045         0.0002367444         0.0000599873        -0.0000580078         1.6771574453
  0.2777777778  -7525745.7338706950  41480181.1672114000      4103.4686471264     -3025.9070517764      -548.6827333579        -0.4168784088  42166729.3977537160         0.0000570591         0.0002363707         0.0000599873        -0.0000580075         1.7500773078
  0.2893518519 -10528959.9471073750  40821691.6568124900      3676.0502801581     -2977.8583670654      -767.7115130951        -0.4375790970  42166729.6263638200         0.0000544483         0.0002358041         0.0000599872        -0.0000580070         1.8229971695
  0.3009259259 -13476183.4468016590  39946120.9901914900      3229.0866460971     -2913.9754308351      -982.6524753058        -0.4559516204  42166729.8040630440         0.0000518861         0.0002350476         0.0000599870        -0.0000580065         1.8959170306
  0.3125000000 -16351745.3732186700  38858130.7399329000      2764.9557802892     -2834.5989387852     -1192.3622696694        -0.4718983523  42166729.9312392600         0.0000493863         0.0002341054         0.0000599868        -0.0000580058         1.9688368912
  0.3240740741 -19140356.9704124600  37563512.3400176000      2286.1269187121     -2740.1520597807     -1395.7255281640        -0.4853345988  42166730.0085471900         0.0000469623         0.0002329825         0.0000599864        -0.0000580051         2.0417567517
  0.3356481481 -21827192.9574114300  36069156.1172211200      1795.1473347021     -2631.1381593747     -1591.6608095588        -0.4961890480  42166730.0369048940         0.0000446270         0.0002316849         0.0000599860        -0.0000580042         2.1146766121
  0.3472222222 -24397970.4076069630  34383014.4676366100      1294.6287625427     -2508.1380950022     -1779.1263594326        -0.5044041467  42166730.0174889600         0.0000423931         0.0002302197         0.0000599854        -0.0000580034         2.1875964726
  0.3587962963 -26839024.7153284600  32514059.3783286100       787.2334808123     -2371.8070978478     -1957.1256548457        -0.5099364036  42166729.9517282000         0.0000402725         0.0002285947         0.0000599847        -0.0000580024         2.2605163335
  0.3703703704 -29137382.2447118460  30472234.5243921350       275.6601301503     -2222.8712586175     -2124.7127040305        -0.5127566176  42166729.8412961600         0.0000382765         0.0002268186         0.0000599838        -0.0000580015         2.3334361949
  0.3819444444 -31280829.2742707200  28268402.2006388050      -237.3706585510     -2062.1236365678     -2280.9970728659        -0.5128500282  42166729.6881021900         0.0000364158         0.0002249010         0.0000599829        -0.0000580005         2.4063560570
  0.3935185185 -33257976.8709437550  25914285.3746036000      -749.1307485943     -1890.4200131497     -2425.1486114507        -0.5102163900  42166729.4942814200         0.0000347004         0.0002228522         0.0000599817        -0.0000579996         2.4792759200
  0.4050925926 -35058321.3496994500  23422405.1734151840     -1256.8990171159     -1708.6743135007     -2556.4018557863        -0.5048699690  42166729.2621834100         0.0000331394         0.0002206832         0.0000599805        -0.0000579987         2.5521957840
  0.4166666667 -36672299.9988949100  20806014.1411632860     -1757.9758323812     -1517.8537207608     -2674.0600813964        -0.4968394615  42166728.9943598000         0.0000317412         0.0002184055         0.0000599790        -0.0000579978         2.6251156491
  0.4282407407 -38091341.7773681660  18079025.6256059860     -2249.6974115289     -1318.9735097758     -2777.4989876567        -0.4861678364  42166728.6935507800         0.0000305133         0.0002160315         0.0000599775        -0.0000579970         2.6980355157
  0.4398148148 -39307912.7165422440  15255939.6732733290     -2729.4499823065     -1113.0916281968     -2866.1699936511        -0.4729121007  42166728.3626706700         0.0000294621         0.0002135737         0.0000599758        -0.0000579963         2.7709553836
  0.4513888889 -40315555.7894781500  12351765.8301444440     -3194.6836734921      -901.3030542566     -2939.6031285110        -0.4571429919  42166728.0047925040         0.0000285932         0.0002110454         0.0000599740        -0.0000579957         2.8438752531
  0.4629629630 -41108925.0386674000   9381943.2610136940     -3642.9260602530      -684.7339616230     -2997.4095014160        -0.4389445958  42166727.6231318340         0.0000279114         0.0002084601         0.0000599721        -0.0000579951         2.9167951244
  0.4745370370 -41683813.7852381000   6362258.6143452960     -4071.7952926392      -464.5357226650     -3039.2833387210        -0.4184138952  42166727.2210297500         0.0000274201         0.0002058314         0.0000599702        -0.0000579948         2.9897149974
  0.4861111111 -42037176.7739861100   3308762.0707839886     -4479.0127377334      -241.8787822426     -3065.0035780153        -0.3956602492  42166726.8019352400         0.0000271219         0.0002031736         0.0000599681        -0.0000579945         3.0626348722
  0.4976851852 -42167146.1410625200    237682.0224946534     -4862.4150686614       -17.9464347204     -3074.4350113042        -0.3708048078  42166726.3693870100         0.0000270185         0.0002005007         0.0000599660        -0.0000579944         3.1355547490
  0.5092592593 -42073041.1240740900  -2834661.1628882834     -5219.9657367049       206.0714626752     -3067.5289719095        -0.3439798645  42166725.9269948100         0.0000271104         0.0001978270         0.0000599639        -0.0000579945         3.2084746278
  0.5208333333 -41755371.4676057400  -5891941.8357309740     -5549.7657661136       428.9848067980     -3044.3235621133        -0.3153281493  42166725.4784204000         0.0000273970         0.0001951668         0.0000599617        -0.0000579947         3.2813945086
  0.5324074074 -41215834.5105799360  -8917915.7555541380     -5850.0638148859       649.6095624006     -3004.9434209927        -0.2850020684  42166725.0273582100         0.0000278768         0.0001925340         0.0000599596        -0.0000579951         3.3543143915
  0.5439814815 -40457305.9752481650 -11896506.3207931760     -6119.2654487445       866.7740395176     -2949.5990343073        -0.2531628919  42166724.5775158500         0.0000285472         0.0001899428         0.0000599575        -0.0000579957         3.4272342765
  0.5555555556 -39483824.5107954140 -14811889.8811466280     -6355.9415797539      1079.3251013839     -2878.5855906953        -0.2199798956  42166724.1325945600         0.0000294046         0.0001874068         0.0000599554        -0.0000579963         3.5001541635
  0.5671296296 -38300570.0773561900 -17648579.6819314550     -6558.8360254928      1286.1342703102     -2792.2813907870        -0.1856294616  42166723.6962696900         0.0000304445         0.0001849396         0.0000599534        -0.0000579972         3.5730740527
  0.5787037037 -36913836.2885246650 -20391507.9976340830     -6726.8721493789      1486.1036995510     -2691.1458181587        -0.1502941405  42166723.2721712700         0.0000316613         0.0001825542         0.0000599515        -0.0000579981         3.6459939438
  0.5902777778 -35330996.8620327600 -23026106.0218969470     -6859.1585476150      1678.1719799760     -2575.7168832974        -0.1141616832  42166722.8638648500         0.0000330486         0.0001802632         0.0000599497        -0.0000579992         3.7189138369
  0.6018518519 -33560466.3590058800 -25538381.0934542040     -6954.9937532754      1861.3197512847     -2446.6083539379        -0.0774240447  42166722.4748327200         0.0000345989         0.0001780788         0.0000599480        -0.0000580004         3.7918337320
  0.6134259259 -31611655.4219419700 -27914990.8519482800     -7013.8699332287      2034.5750885788     -2304.5064872373        -0.0402763666  42166722.1084554800         0.0000363042         0.0001760124         0.0000599465        -0.0000580017         3.8647536289
  0.6250000000 -29494920.7501454200 -30143313.9340452140     -7035.4755588984      2197.0186363273     -2150.1663812752        -0.0029159429  42166721.7679941950         0.0000381553         0.0001740750         0.0000599450        -0.0000580031         3.9376735277
  0.6365740741 -27221510.0786484500 -32211516.8387235480     -7019.6970372433      2347.7884631113     -1984.4079652929         0.0344588241  42166721.4565731700         0.0000401425         0.0001722769         0.0000599437        -0.0000580045         4.0105934281
  0.6481481481 -24803502.4525353300 -34108616.6109481200     -6966.6192937906      2486.0846120134     -1808.1116499075         0.0716494747  42166721.1771634700         0.0000422552         0.0001706275         0.0000599426        -0.0000580059         4.0835133301
  0.6597222222 -22253744.1129294150 -35824539.0150372800     -6876.5253050319      2611.1733231204     -1622.2136602471         0.1084585415  42166720.9325671400         0.0000444824         0.0001691355         0.0000599416        -0.0000580074         4.1564332335
  0.6712962963 -19585780.3335885900 -37350171.8927884500     -6749.8945829755      2722.3909063144     -1427.7010765474         0.1446905941  42166720.7254024800         0.0000468122         0.0001678088         0.0000599408        -0.0000580089         4.2293531383
  0.6828703704 -16813783.5679807300 -38677413.4267083300     -6587.4006201181      2819.1472443429     -1225.6066082147         0.1801532730  42166720.5580901200         0.0000492323         0.0001666543         0.0000599401        -0.0000580103         4.3022730442
  0.6944444444 -13952478.2857733280 -39799215.0553819600     -6389.9073085082      2900.9289080675     -1017.0031287025         0.2146583066  42166720.4328402700         0.0000517301         0.0001656782         0.0000599395        -0.0000580117         4.3751929512
  0.7060185185 -11017062.8947825800 -40709618.8159709100     -6158.4643519198      2967.3018677815      -802.9979997432         0.2480225069  42166720.3516409600         0.0000542923         0.0001648855         0.0000599391        -0.0000580131         4.4481128590
  0.7175925926  -8023129.1595075670 -41403788.9179175650     -5894.3016953942      3017.9137865583      -584.7272145432         0.2800687383  42166720.3162475700         0.0000569055         0.0001642805         0.0000599388        -0.0000580143         4.5210327675
  0.7291666667  -4986579.5403510390 -41878037.3820066750     -5598.8230015224      3052.4958837270      -363.3493904576         0.3106268544  42166720.3281734600         0.0000595559         0.0001638664         0.0000599386        -0.0000580155         4.5939526766
  0.7407407407  -1923542.8884397687 -42129843.6098495900     -5273.5982078050      3070.8643587661      -140.0396424304         0.3395345986  42166720.3886820150         0.0000622296         0.0001636453         0.0000599385        -0.0000580166         4.6668725860
  0.7523148148   1149711.0604522245 -42157867.7804597400     -4920.3552042164      3072.9213681458        84.0166309044         0.3666384620  42166720.4987798600         0.0000649124         0.0001636184         0.0000599385        -0.0000580176         4.7397924955
  0.7638888889   4216857.9430382420 -41961958.0027253300     -4540.9706746882      3058.6555499299       307.6300161073         0.3917944970  42166720.6592115800         0.0000675904         0.0001637858         0.0000599386        -0.0000580184         4.8127124051
  0.7754629630   7261605.3228361470 -41543151.1851016800     -4137.4601505990      3028.1420932507       529.6133761512         0.4148690790  42166720.8704557050         0.0000702493         0.0001641467         0.0000599387        -0.0000580191         4.8856323143
  0.7870370370  10267779.0860671500 -40903667.6165803300     -3711.9673284815      2981.5423520979       748.7881311809         0.4357396155  42166721.1327221500         0.0000728751         0.0001646993         0.0000599388        -0.0000580197         4.9585522232
  0.7986111111  13219409.2241400240 -40046899.2857876000     -3266.7527080228      2919.1030051895       963.9904960438         0.4542951962  42166721.4459510800         0.0000754542         0.0001654405         0.0000599390        -0.0000580202         5.0314721314
  0.8101851852  16100814.5506569700 -38977391.9977578300     -2804.1816100138      2841.1547660205      1174.0776420020         0.4704371821  42166721.8098132200         0.0000779729         0.0001663665         0.0000599391        -0.0000580206         5.1043920388
  0.8217592593  18896685.9061322470 -37700821.3803570640     -2326.7116371816      2748.1106494993      1377.9337503820         0.4840797302  42166722.2237115060         0.0000804179         0.0001674725         0.0000599392        -0.0000580208         5.1773119452
  0.8333333333  21592167.4111696500 -36223962.9043392300     -1836.8796438011      2640.4638038675      1574.4759264204         0.4951502509  42166722.6867842900         0.0000827764         0.0001687527         0.0000599393        -0.0000580209         5.2502318503
  0.8449074074  24172935.3386719930 -34554656.0724389100     -1337.2882826074      2518.7849188543      1762.6599422293         0.5035897956  42166723.1979098250         0.0000850359         0.0001702003         0.0000599393        -0.0000580210         5.3231517540
  0.8564814815  26625274.1877126950 -32701762.9635846020      -830.5921998097      2383.7192232209      1941.4857786238         0.5093533724  42166723.7557121500         0.0000871846         0.0001718077         0.0000599392        -0.0000580209         5.3960716561
  0.8680555556  28936149.5559374500 -30675121.3480965500      -319.4839509245      2235.9830870023      2110.0029365351         0.5124101889  42166724.3585684150         0.0000892110         0.0001735665         0.0000599391        -0.0000580208         5.4689915565
  0.8796296296  31093277.4237168580 -28485492.6184604280       193.3202883087      2076.3602458352      2267.3154898554         0.5127438186  42166725.0046174100         0.0000911046         0.0001754675         0.0000599389        -0.0000580205         5.5419114548
  0.8912037037  33085189.4816683900 -26144504.8077946830       705.0951405035      1905.6976667639      2412.5868528409         0.5103522936  42166725.6917693800         0.0000928552         0.0001775006         0.0000599386        -0.0000580203         5.6148313511
  0.9027777778  34901294.1535255700 -23664590.9943049200      1213.1204984944      1724.9010768343      2545.0442366179         0.5052481184  42166726.4177170900         0.0000944537         0.0001796552         0.0000599382        -0.0000580200         5.6877512450
  0.9143518519  36531932.9885561900 -21058923.4147073180      1714.6959739171      1534.9301775978      2663.9827708913         0.4974582093  42166727.1799480400         0.0000958916         0.0001819198         0.0000599377        -0.0000580197         5.7606711365
  0.9259259259  37968432.1217183400 -18341343.6326692800      2207.1552459463      1336.7935703579      2768.7692686486         0.4870237558  42166727.9757576900         0.0000971613         0.0001842825         0.0000599371        -0.0000580194         5.8335910254
  0.9375000000  39203148.5253793900 -15526289.1296272860      2687.8802340543      1131.5434185777      2858.8456134587         0.4740000072  42166728.8022638500         0.0000982560         0.0001867310         0.0000599364        -0.0000580191         5.9065109115
  0.9490740741  40229510.8035810700 -12628716.7047853920      3154.3150194817       920.2698753259      2933.7317509002         0.4584559834  42166729.6564218600         0.0000991699         0.0001892522         0.0000599356        -0.0000580188         5.9794307948
  0.9606481481  41042054.3083849500  -9664023.0885550500      3603.9794413341       704.0953049604      2993.0282676880         0.4404741138  42166730.5350407600         0.0000998982         0.0001918327         0.0000599348        -0.0000580186         6.0523506752
  0.9722222222  41636450.3876315000  -6647963.1890664700      4034.4822948369       484.1683294241      3036.4185442031         0.4201498033  42166731.4348001200         0.0001004369         0.0001944591         0.0000599338        -0.0000580184         6.1252705524
  0.9837962963  42009529.6043436200  -3596566.4045722936      4443.5340612918       261.6577305475      3063.6704683568         0.3975909297  42166732.3522676500         0.0001007833         0.0001971173         0.0000599329        -0.0000580183         6.1981904266
  0.9953703704  42159298.7998448240   -526051.4454883522      4828.9591016641        37.7462406134      3074.6377010193         0.3729172742  42166733.2839174000         0.0001009354         0.0001997933         0.0000599318        -0.0000580182         6.2711102975
