  0.0000000000  42162493.3583266700    -16867.3996138445      4888.8251926809         0.6150457725      3074.8746714950         0.3690563097  42166712.0000000000         0.0001000000         0.0002000000         0.0000600000        -0.0000580000        -0.0000000000
  0.0115740741  42051024.8212754600   3055555.1276174340      5244.5614326390      -223.4349815245      3066.7903110521         0.3420934930  42166712.0699634100         0.0001000407         0.0002000262         0.0000599995        -0.0000579997         0.0729200288
  0.0231481481  41715979.4133368200   6111732.9371258720      5572.4037450112      -446.3065194324      3042.3997961433         0.3133115767  42166712.1504918560         0.0001000861         0.0002000451         0.0000599991        -0.0000579994         0.1458400632
  0.0347222222  41159129.2770538600   9135415.6467928070      5870.6122968572      -666.8140065348      3001.8314943046         0.2828636284  42166712.2375089600         0.0001001342         0.0002000557         0.0000599988        -0.0000579991         0.2187601019
  0.0462962963  40383426.5582747300  12110524.3250086510      6137.6050056579      -883.7842666702      2945.2999179235         0.2509115065  42166712.3266149800         0.0001001832         0.0002000576         0.0000599987        -0.0000579987         0.2916801434
  0.0578703704  39392987.8926992940  15021237.1279708690      6371.9655458210     -1096.0627701559      2873.1046106638         0.2176249991  42166712.4133283350         0.0001002311         0.0002000510         0.0000599986        -0.0000579984         0.3646001863
  0.0694444444  38193072.6724036600  17852073.6018230130      6572.4504952546     -1302.5198002379      2785.6285775608         0.1831809306  42166712.4933293400         0.0001002760         0.0002000361         0.0000599987        -0.0000579981         0.4375202290
  0.0810185185  36790055.2024410400  20587977.1953769500      6737.9956217427     -1502.0564911260      2683.3362663030         0.1477622377  42166712.5626936850         0.0001003161         0.0002000141         0.0000599989        -0.0000579978         0.5104402699
  0.0925925926  35191390.8916030500  23214395.5374135300      6867.7213075850     -1693.6107044717      2566.7711098195         0.1115570195  42166712.6181028560         0.0001003498         0.0001999860         0.0000599991        -0.0000579976         0.5833603077
  0.1041666667  33405576.6549508600  25717358.0436280370      6960.9371078042     -1876.1627118878      2436.5526428795         0.0747575642  42166712.6570188600         0.0001003760         0.0001999535         0.0000599994        -0.0000579976         0.6562803408
  0.1157407407  31442105.7384673430  28083550.4321876650      7017.1454325121     -2048.7406520896      2293.3732079602         0.0375593539  42166712.6778106700         0.0001003939         0.0001999184         0.0000599997        -0.0000579976         0.7292003681
  0.1273148148  29311417.1865083460  30300385.7534668040      7036.0442698218     -2210.4257334555      2137.9942679306         0.0001600796  42166712.6804781200         0.0001004034         0.0001998827         0.0000600001        -0.0000579978         0.8021203884
  0.1388888889  27024840.3502719740  32356071.4880083950      7017.5293160445     -2360.3571474516      1971.2423465877        -0.0372415030  42166712.6640634000         0.0001004039         0.0001998483         0.0000600004        -0.0000579980         0.8750404007
  0.1504629630  24594534.4241242500  34239672.5022992000      6961.6944152878     -2497.7366806433      1794.0046172308        -0.0744464460  42166712.6305219400         0.0001003964         0.0001998171         0.0000600007        -0.0000579984         0.9479604042
  0.1620370370  22033423.7507237700  35941169.3192595840      6868.8317882335     -2621.8329804399      1607.2241657878        -0.1112567743  42166712.5820195800         0.0001003817         0.0001997908         0.0000600009        -0.0000579988         1.0208803985
  0.1736111111  19355128.9364616800  37451511.5437406750      6739.4308021965     -2731.9854662943      1411.8949531729        -0.1474765137  42166712.5214435200         0.0001003611         0.0001997710         0.0000600011        -0.0000579994         1.0938003831
  0.1851851852  16573894.2715182020  38762666.0960454640      6574.1757597197     -2827.6078594274      1209.0565048893        -0.1829127455  42166712.4522229000         0.0001003362         0.0001997588         0.0000600011        -0.0000579999         1.1667203580
  0.1967592593  13704511.8251544570  39867660.0070867000      6373.9425894031     -2908.1913132869       999.7883568213        -0.2173766528  42166712.3781237160         0.0001003087         0.0001997549         0.0000600011        -0.0000580005         1.2396403231
  0.2083333333  10762242.6238534620  40760617.5485281300      6139.7944281755     -2973.3071282070       785.2042873752        -0.2506845507  42166712.3030312500         0.0001002807         0.0001997597         0.0000600009        -0.0000580012         1.3125602789
  0.2199074074   7762735.3345541130  41436791.5018235300      5872.9760984142     -3022.6090360101       566.4463671429        -0.2826588934  42166712.2307328200         0.0001002540         0.0001997731         0.0000600007        -0.0000580018         1.3854802258
  0.2314814815   4721942.8876492560  41892588.4013242400      5574.9074985860     -3055.8350425930       344.6788581134        -0.3131292498  42166712.1647142000         0.0001002305         0.0001997945         0.0000600004        -0.0000580023         1.4584001646
  0.2430555556   1656037.4846928923  42125587.6184601900      5247.1759419419     -3072.8088188645       121.0819951656        -0.3419332388  42166712.1079824900         0.0001002118         0.0001998231         0.0000599999        -0.0000580028         1.5313200961
  0.2546296296  -1418675.5412460930  42134554.1916833900      4891.5273843522     -3073.4406323920      -103.1543163526        -0.3689174312  42166712.0625670200         0.0001001993         0.0001998575         0.0000599995        -0.0000580032         1.6042400214
  0.2662037037  -4485844.6418292215  41919445.3041774850      4509.8572982003     -3057.7278169177      -326.8368561684        -0.3939381327  42166712.0308571160         0.0001001944         0.0001998964         0.0000599990        -0.0000580036         1.6771599415
  0.2777777778  -7529159.0621581680  41481410.4494377150      4104.1995886753     -3025.7547717885      -548.7754563783        -0.4168622380  42166712.0133953000         0.0001001977         0.0001999379         0.0000599984        -0.0000580039         1.7500798579
  0.2893518519 -10532435.7698154990  40822785.1860805150      3676.7158401868     -2977.6924987696      -767.7893558205        -0.4375678885  42166712.0103106950         0.0001002095         0.0001999802         0.0000599979        -0.0000580040         1.8229997717
  0.3009259259 -13479705.6203717800  39947078.5873935200      3229.6833696666     -2913.7976728517      -982.7135002357        -0.4559451297  42166712.0209999160         0.0001002298         0.0002000215         0.0000599974        -0.0000580041         1.8959196844
  0.3125000000 -16355298.3847735080  38858954.4245463760      2765.4828138540     -2834.4112544511     -1192.4047569111        -0.4718964831  42166712.0442068700         0.0001002582         0.0002000600         0.0000599969        -0.0000580042         1.9688395973
  0.3240740741 -19143926.1677923720  37564206.1895999900      2286.5852365709     -2739.9566501466     -1395.7480096716        -0.4853374476  42166712.0781336400         0.0001002937         0.0002000939         0.0000599965        -0.0000580041         2.0417595118
  0.3356481481 -21830764.7693875020  36069726.0935423100      1795.5388370423     -2630.9374320799     -1591.6621011375        -0.4961969280  42166712.1205726000         0.0001003354         0.0002001220         0.0000599961        -0.0000580040         2.1146794292
  0.3472222222 -24401532.5519322830  34383468.2078162800      1294.9553350064     -2507.9346286712     -1779.1055900056        -0.5044175895  42166712.1690499860         0.0001003816         0.0002001430         0.0000599958        -0.0000580039         2.1875993507
  0.3587962963 -26842566.3900533950  32514405.9501474800       787.4961026575     -2371.6036017569     -1957.0822921760        -0.5099561407  42166712.2209710900         0.0001004310         0.0002001562         0.0000599955        -0.0000580038         2.2605192776
  0.3703703704 -29140894.2962427000  30472484.1466318740       275.8581077093     -2222.6705276181     -2124.6465758332        -0.5127835427  42166712.2737573100         0.0001004816         0.0002001611         0.0000599953        -0.0000580036         2.3334392108
  0.3819444444 -31284304.3373586650  28268565.9162010800      -237.2403110777     -2061.9285015876     -2280.9083828748        -0.5128851548  42166712.3247689750         0.0001005318         0.0002001580         0.0000599952        -0.0000580035         2.4063591512
  0.3935185185 -33261409.4567586100  25914374.7579681280      -749.0735842116     -1890.2332879469     -2425.0379452715        -0.5102607658  42166712.3721943900         0.0001005798         0.0002001466         0.0000599951        -0.0000580034         2.4792790996
  0.4050925926 -35061707.9051777940  23422431.9307023770     -1256.9233804496     -1708.4987391674     -2556.2701832534        -0.5049246359  42166712.4139414950         0.0001006241         0.0002001278         0.0000599951        -0.0000580033         2.5521990565
  0.4166666667 -36675638.9001390560  20805989.7623508200     -1758.0927475008     -1517.6919089295     -2673.9087467419        -0.4969053827  42166712.4484769550         0.0001006632         0.0002001026         0.0000599952        -0.0000580032         2.6251190225
  0.4282407407 -38094633.2685735450  18078961.0279283700     -2249.9202935377     -1318.8278867340     -2777.3296909014        -0.4862458363  42166712.4746543900         0.0001006958         0.0002000722         0.0000599953        -0.0000580032         2.6980389977
  0.4398148148 -39311158.7904565100  15255844.8639724630     -2729.7941814469     -1112.9643817819     -2865.9847624273        -0.4730028133  42166712.4917193600         0.0001007211         0.0002000382         0.0000599954        -0.0000580033         2.7709589823
  0.4513888889 -40318760.0117620900  12351649.6021127630     -3195.1658926567      -901.1960855245     -2939.4042808109        -0.4572468188  42166712.4992985500         0.0001007386         0.0002000020         0.0000599955        -0.0000580034         2.8438789762
  0.4629629630 -41112092.3218649600   9381812.9337871150     -3643.5636885909      -684.6488431421     -2997.1996002596        -0.4390616766  42166712.4973774500         0.0001007479         0.0001999653         0.0000599956        -0.0000580036         2.9167989792
  0.4745370370 -41686950.1210299300   6362119.8308781620     -4072.6056970044      -464.4736650154     -3039.0651401820        -0.4185440897  42166712.4862709400         0.0001007491         0.0001999299         0.0000599957        -0.0000580038         2.9897189908
  0.4861111111 -42040288.9347325300   3308618.6576268678     -4480.0125504397      -241.8406099057     -3064.7799743962        -0.3958031324  42166712.4665911000         0.0001007427         0.0001998974         0.0000599958        -0.0000580041         3.0626390107
  0.4976851852 -42170241.3631301900    237535.9176259550     -4863.6195048617       -17.9325720693     -3074.2089714786        -0.3709596769  42166712.4392164650         0.0001007294         0.0001998691         0.0000599958        -0.0000580044         3.1355590381
  0.5092592593 -42076126.8077010440  -2834809.8636331490     -5221.3872988935       206.0609928707     -3067.3034797947        -0.3441457727  42166712.4066261200         0.0001007107         0.0001998461         0.0000599958        -0.0000580048         3.2084790721
  0.5208333333 -41758454.7999374200  -5892094.9669023120     -5551.4157356399       428.9503835964     -3044.1015612733        -0.3155038886  42166712.3674246900         0.0001006870         0.0001998303         0.0000599958        -0.0000580052         3.2813991121
  0.5324074074 -41218922.2308501800  -8918076.8125031330     -5851.9497733362       649.5519448938     -3004.7277546881        -0.2851862475  42166712.3244883500         0.0001006602         0.0001998220         0.0000599957        -0.0000580056         3.3543191570
  0.5439814815 -40460404.0879586700 -11896680.3369203210     -6121.3916590557       866.6943452856     -2949.3923955807        -0.2533539668  42166712.2794886000         0.0001006320         0.0001998217         0.0000599956        -0.0000580060         3.4272392056
  0.5555555556 -39486938.0532436450 -14812083.2156423740     -6358.3088265355      1079.2247762379     -2878.3904768236        -0.2201762185  42166712.2342236640         0.0001006039         0.0001998296         0.0000599954        -0.0000580065         3.5001592568
  0.5671296296 -38303702.9257833140 -17648799.7782235480     -6561.4416149546      1286.0150528659     -2792.1000642063        -0.1858293314  42166712.1905785500         0.0001005777         0.0001998454         0.0000599951        -0.0000580069         3.5730793093
  0.5787037037 -36916991.0039363100 -20391763.1235943000     -6729.7100775899      1485.9675821377     -2690.9802741340        -0.1504958540  42166712.1504731250         0.0001005550         0.0001998687         0.0000599948        -0.0000580073         3.6459993620
  0.5902777778 -35334174.5743508300 -23026405.0017858040     -6862.2198357711      1678.0211672487     -2575.5688242353        -0.1143635825  42166712.1157989650         0.0001005372         0.0001998985         0.0000599945        -0.0000580077         3.7189194136
  0.6018518519 -33563666.6864176500 -25538733.0398512070     -6958.2669369356      1861.1566176712     -2446.4791699481        -0.0776245576  42166712.0883458700         0.0001005257         0.0001999338         0.0000599941        -0.0000580080         3.7918394627
  0.6134259259 -31614876.4212825100 -27915404.9037694040     -7017.3416797617      2034.4021354010     -2304.3972423695        -0.0404740374  42166712.0697189000         0.0001005214         0.0001999730         0.0000599936        -0.0000580083         3.8647595081
  0.6250000000 -29498158.8939645250 -30143799.0044664100     -7039.1313743910      2196.8384491165     -2150.0778047964        -0.0031094506  42166712.0612467200         0.0001005250         0.0002000147         0.0000599932        -0.0000580085         3.9376795487
  0.6365740741 -27224760.2128085830 -32212081.3874107260     -7023.5226218557      2347.6036713198     -1984.3404470115         0.0342706922  42166712.0624939000         0.0001005363         0.0002000571         0.0000599927        -0.0000580086         4.0105995833
  0.6481481481 -24806757.9427222900 -34109268.3755887450     -6970.5993885660      2485.8978411797     -1808.0652409911         0.0714677522  42166712.0767593100         0.0001005565         0.0002000984         0.0000599922        -0.0000580087         4.0835196109
  0.6597222222 -22256996.7624056200 -35825284.8313057900     -6880.6462067573      2610.9871593407     -1622.1880762525         0.1082841908  42166712.1026317200         0.0001005846         0.0002001370         0.0000599918        -0.0000580087         4.1564396305
  0.6712962963 -19589020.4871270300 -37351017.4702591400     -6754.1439618020      2722.2078528644     -1427.6957053148         0.1445245219  42166712.1395227500         0.0001006199         0.0002001712         0.0000599914        -0.0000580087         4.2293596415
  0.6828703704 -16817000.2007138800 -38678363.1454749200     -6591.7677584308      2818.9696804630     -1225.6205219923         0.1799963802  42166712.1862465400         0.0001006612         0.0002001995         0.0000599910        -0.0000580086         4.3022796431
  0.6944444444 -13955659.1223301050 -39800271.7706834900     -6394.3830798398      2900.7590481337     -1017.0351011766         0.2145115421  42166712.2410306100         0.0001007073         0.0002002208         0.0000599907        -0.0000580084         4.3751996351
  0.7060185185 -11020194.5640604240 -40710783.6732086900     -6163.0409223741      2967.1417213977      -803.0465285818         0.2478869194  42166712.3015661760         0.0001007565         0.0002002342         0.0000599905        -0.0000580082         4.4481196171
  0.7175925926  -8026197.3898139910 -41405061.1827275000     -5898.9719585043      3017.7651204544      -584.7905499883         0.2799455188  42166712.3650943000         0.0001008070         0.0002002392         0.0000599903        -0.0000580080         4.5210395893
  0.7291666667  -4989569.3980511590 -41879414.2921717900     -5603.5797861717      3052.3601866677      -363.4255702910         0.3105173644  42166712.4285250160         0.0001008571         0.0002002356         0.0000599902        -0.0000580078         4.5939595517
  0.7407407407  -1926439.0607527192 -42131320.2574519440     -5278.4333258189      3070.7428109217      -140.1265332949         0.3394403774  42166712.4885861800         0.0001009048         0.0002002238         0.0000599903        -0.0000580076         4.6668795048
  0.7523148148   1146923.9410510648 -42159437.0334765700     -4925.2584275992      3072.8148165065        83.9212862845         0.3665612110  42166712.5419987740         0.0001009484         0.0002002044         0.0000599903        -0.0000580074         4.7397994492
  0.7638888889   4214194.9064868770 -41963610.4917903540     -4545.9283269162      3058.5644905030       307.5285453716         0.3917360052  42166712.5864875100         0.0001009867         0.0002001789         0.0000599905        -0.0000580073         4.8127193857
  0.7754629630   7259080.7739886160 -41544875.2815083640     -4142.4555613441      3028.0666655942       529.5081257247         0.4148312572  42166712.6176721160         0.0001010177         0.0002001479         0.0000599907        -0.0000580073         4.8856393155
  0.7870370370  10265406.3113238960 -40905449.5675937760     -3716.9789045965      2981.4823383159       748.6814050561         0.4357243157  42166712.6341821400         0.0001010407         0.0002001135         0.0000599910        -0.0000580074         4.9585592396
  0.7986111111  13217200.0296354240 -40048723.3513683300     -3271.7541200210      2919.0578430495       963.8845002748         0.4543041448  42166712.6345152500         0.0001010553         0.0002000774         0.0000599913        -0.0000580076         5.0314791594
  0.8101851852  16098778.8883415070 -38979240.6648404450     -2809.1419116835      2841.1235712714      1173.9744307251         0.4704718762  42166712.6179810300         0.0001010612         0.0002000416         0.0000599916        -0.0000580078         5.1043990762
  0.8217592593  18894831.5357491340 -37702675.6338395700     -2331.5957930877      2748.0922476191      1377.8351768142         0.4841413369  42166712.5847754700         0.0001010587         0.0002000079         0.0000599918        -0.0000580082         5.1773189916
  0.8333333333  21590499.6126145830 -36225802.5457026000     -1841.6494453142      2640.4567699147      1574.3836007591         0.4952395195  42166712.5360023600         0.0001010485         0.0001999783         0.0000599920        -0.0000580086         5.2502389072
  0.8449074074  24171456.6861741470 -34556460.0741418200     -1341.9035948112      2518.7876236417      1762.5751979358         0.5037069899  42166712.4736430100         0.0001010316         0.0001999543         0.0000599922        -0.0000580092         5.3231588244
  0.8564814815  26623984.3934634000 -32703509.8456891500      -835.0124480818      2383.7298837438      1941.4096480274         0.5094982317  42166712.4004756000         0.0001010096         0.0001999373         0.0000599922        -0.0000580098         5.3960787447
  0.8680555556  28935045.3866158840 -30676789.5631553230      -323.6697293690      2235.9998189484      2109.9361360857         0.5125819199  42166712.3199454550         0.0001009840         0.0001999282         0.0000599922        -0.0000580104         5.4689986697
  0.8796296296  31092352.6892512400 -28487060.9315775300       189.4056221958      2076.3811160934      2267.2584147665         0.5129411228  42166712.2359876860         0.0001009568         0.0001999277         0.0000599921        -0.0000580111         5.5419186005
  0.8912037037  33084435.1098209200 -26145952.6235376750       701.4837972045      1905.7207432443      2412.5395818663         0.5105734664  42166712.1524797800         0.0001009297         0.0001999354         0.0000599918        -0.0000580117         5.6148385386
  0.9027777778  34900698.2516377700 -23665898.8071571360      1209.8398020716      1724.9244784304      2545.0065381371         0.5054910135  42166712.0743652660         0.0001009051         0.0001999520         0.0000599914        -0.0000580123         5.6877584847
  0.9143518519  36531481.0680524800 -21060073.0112463300      1711.7668106474      1534.9521153378      2663.9541245817         0.4977204665  42166712.0053931400         0.0001008845         0.0001999763         0.0000599910        -0.0000580129         5.7606784397
  0.9259259259  37968107.2900015900 -18342318.4074554000      2204.5919796093      1336.8123869091      2768.7488855978         0.4873028797  42166711.9492374060         0.0001008697         0.0002000071         0.0000599904        -0.0000580134         5.8335984042
  0.9375000000  39202931.7302802900 -15527074.3353748560      2685.6908271733      1131.5576225080      2858.8324615121         0.4742934867  42166711.9089475100         0.0001008619         0.0002000430         0.0000599898        -0.0000580138         5.9065183786
  0.9490740741  40229381.1044575050 -12629299.6753082980      3152.5016083136       920.2781710862      2933.7245827264         0.4587614024  42166711.8867712700         0.0001008621         0.0002000823         0.0000599891        -0.0000580141         5.9794383629
  0.9606481481  41041989.1689508400  -9664393.4379219230      3602.5393032293       704.0966190290      2993.0256510143         0.4407892426  42166711.8840244800         0.0001008709         0.0002001231         0.0000599884        -0.0000580143         6.0523583572
  0.9722222222  41636425.9878709840  -6648112.9898441740      4033.4091112485       484.1618330314      3036.4188940293         0.4204726639  42166711.9010110350         0.0001008884         0.0002001633         0.0000599878        -0.0000580143         6.1252783609
  0.9837962963  42009521.1707018240  -3596490.3464848497      4442.8193529724       261.6428592294      3063.6720812502         0.3979198300  42166711.9369971900         0.0001009142         0.0002002010         0.0000599871        -0.0000580143         6.1981983736
  0.9953703704  42159280.9539394300   -525746.9735165797      4828.5936960699        37.7227105571      3074.6387917786         0.3732508081  42166711.9902437100         0.0001009476         0.0002002345         0.0000599865        -0.0000580141         6.2711183942
