The following table has been slightly edited from the original IERS document.
The changes are that the two sub-tables 8.2a and 8.2b have been merged, and
that the last digit has been reintroduced in the xp and yp columns, thus
matching the interp.f file.

Table 8.2(a+b): Coefficients of sin(argument) and cos(argument) of diurnal variations in pole coordinates
                xp and yp caused by ocean tides. The units are μas; γ denotes GMST+π.

-------------------------------------------------------------------------------------------------
       |          Argument           |  Doodson  |   Period   |        xp      |         yp
 Tide  |    γ   l   l'   F   D   Ω   |   number  |   (days)   |   sin     cos  |    sin     cos
-------------------------------------------------------------------------------------------------
            1  -1   0  -2   -2  -2      117.655     1.2113611   -0.05     0.94    -0.94    -0.05
            1  -2   0  -2    0  -1      125.745     1.1671262    0.06     0.64    -0.64     0.06
2Q₁         1  -2   0  -2    0  -2      125.755     1.1669259    0.30     3.42    -3.42     0.30
            1   0   0  -2   -2  -1      127.545     1.1605476    0.08     0.78    -0.78     0.08
σ₁          1   0   0  -2   -2  -2      127.555     1.1603495    0.46     4.15    -4.15     0.45
            1  -1   0  -2    0  -1      135.645     1.1196993    1.19     4.96    -4.96     1.19
Q₁          1  -1   0  -2    0  -2      135.655     1.1195148    6.24    26.31   -26.31     6.23
            1   1   0  -2   -2  -1      137.445     1.1136429    0.24     0.94    -0.94     0.24
RO₁         1   1   0  -2   -2  -2      137.455     1.1134606    1.28     4.99    -4.99     1.28
            1   0   0  -2    0   0      145.535     1.0761465   -0.28    -0.77     0.77    -0.28
            1   0   0  -2    0  -1      145.545     1.0759762    9.22    25.06   -25.06     9.22
O₁          1   0   0  -2    0  -2      145.555     1.0758059   48.82   132.91  -132.90    48.82
            1  -2   0   0    0   0      145.755     1.0750901   -0.32    -0.86     0.86    -0.32
TO₁         1   0   0   0   -2   0      147.555     1.0695055   -0.66    -1.72     1.72    -0.66
            1  -1   0  -2    2  -2      153.655     1.0406147   -0.42    -0.92     0.92    -0.42
            1   1   0  -2    0  -1      155.445     1.0355395   -0.30    -0.64     0.64    -0.30
            1   1   0  -2    0  -2      155.455     1.0353817   -1.61    -3.46     3.46    -1.61
M₁          1  -1   0   0    0   0      155.655     1.0347187   -4.48    -9.61     9.61    -4.48
            1  -1   0   0    0  -1      155.665     1.0345612   -0.90    -1.93     1.93    -0.90
χ₁          1   1   0   0   -2   0      157.455     1.0295447   -0.86    -1.81     1.81    -0.86
π₁          1   0  -1  -2    2  -2      162.556     1.0055058    1.54     3.03    -3.03     1.54
            1   0   0  -2    2  -1      163.545     1.0028933   -0.29    -0.58     0.58    -0.29
P₁          1   0   0  -2    2  -2      163.555     1.0027454   26.13    51.25   -51.25    26.13
            1   0   1  -2    2  -2      164.554     1.0000001   -0.22    -0.42     0.42    -0.22
S₁          1   0  -1   0    0   0      164.556     0.9999999   -0.61    -1.20     1.20    -0.61
            1   0   0   0    0   1      165.545     0.9974159    1.54     3.00    -3.00     1.54
K₁          1   0   0   0    0   0      165.555     0.9972696  -77.48  -151.74   151.74   -77.48
            1   0   0   0    0  -1      165.565     0.9971233  -10.52   -20.56    20.56   -10.52
            1   0   0   0    0  -2      165.575     0.9969771    0.23     0.44    -0.44     0.23
ψ₁          1   0   1   0    0   0      166.554     0.9945541   -0.61    -1.19     1.19    -0.61
φ₁          1   0   0   2   -2   2      167.555     0.9918532   -1.09    -2.11     2.11    -1.09
TT₁         1  -1   0   0    2   0      173.655     0.9669565   -0.69    -1.43     1.43    -0.69
J₁          1   1   0   0    0   0      175.455     0.9624365   -3.46    -7.28     7.28    -3.46
            1   1   0   0    0  -1      175.465     0.9623003   -0.69    -1.44     1.44    -0.69
Sₒ₁         1   0   0   0    2   0      183.555     0.9341741   -0.37    -1.06     1.06    -0.37
            1   2   0   0    0   0      185.355     0.9299547   -0.17    -0.51     0.51    -0.17
Oₒ₁         1   0   0   2    0   2      185.555     0.9294198   -1.10    -3.42     3.42    -1.09
            1   0   0   2    0   1      185.565     0.9292927   -0.70    -2.19     2.19    -0.70
            1   0   0   2    0   0      185.575     0.9291657   -0.15    -0.46     0.46    -0.15
ν₁          1   1   0   2    0   2      195.455     0.8990932   -0.03    -0.59     0.59    -0.03
            1   1   0   2    0   1      195.465     0.8989743   -0.02    -0.38     0.38    -0.02
            2  -3   0  -2    0  -2      225.855     0.5484264   -0.49    -0.04     0.63     0.24
            2  -1   0  -2   -2  -2      227.655     0.5469695   -1.33    -0.17     1.53     0.68
2N₂         2  -2   0  -2    0  -2      235.755     0.5377239   -6.08    -1.61     3.13     3.35
μ₂          2   0   0  -2   -2  -2      237.555     0.5363232   -7.59    -2.05     3.44     4.23
            2   0   1  -2   -2  -2      238.554     0.5355369   -0.52    -0.14     0.22     0.29
            2  -1  -1  -2    0  -2      244.656     0.5281939    0.47     0.11    -0.10    -0.27
            2  -1   0  -2    0  -1      245.645     0.5274721    2.12     0.49    -0.41    -1.23
N₂          2  -1   0  -2    0  -2      245.655     0.5274312  -56.87   -12.93    11.15    32.88
            2  -1   1  -2    0  -2      246.654     0.5266707   -0.54    -0.12     0.10     0.31
ν₂          2   1   0  -2   -2  -2      247.455     0.5260835  -11.01    -2.40     1.89     6.41
            2   1   1  -2   -2  -2      248.454     0.5253269   -0.51    -0.11     0.08     0.30
            2  -2   0  -2    2  -2      253.755     0.5188292    0.98     0.11    -0.11    -0.58
            2   0  -1  -2    0  -2      254.556     0.5182593    1.13     0.11    -0.13    -0.67
            2   0   0  -2    0  -1      255.545     0.5175645   12.32     1.00    -1.41    -7.31
M₂          2   0   0  -2    0  -2      255.555     0.5175251 -330.15   -26.96    37.58   195.92
            2   0   1  -2    0  -2      256.554     0.5167928   -1.01    -0.07     0.11     0.60
λ₂          2  -1   0  -2    2  -2      263.655     0.5092406    2.47    -0.28    -0.44    -1.48
L₂          2   1   0  -2    0  -2      265.455     0.5079842    9.40    -1.44    -1.88    -5.65
            2  -1   0   0    0   0      265.655     0.5078245   -2.35     0.37     0.47     1.41
            2  -1   0   0    0  -1      265.665     0.5077866   -1.04     0.17     0.21     0.62
T₂          2   0  -1  -2    2  -2      272.556     0.5006854   -8.51     3.50     3.29     5.11
S₂          2   0   0  -2    2  -2      273.555     0.5000000 -144.13    63.56    59.23    86.56
R₂          2   0   1  -2    2  -2      274.554     0.4993165    1.19    -0.56    -0.52    -0.72
            2   0   0   0    0   1      275.545     0.4986714    0.49    -0.25    -0.23    -0.29
K₂          2   0   0   0    0   0      275.555     0.4986348  -38.48    19.14    17.72    23.11
            2   0   0   0    0  -1      275.565     0.4985982  -11.44     5.75     5.32     6.87
            2   0   0   0    0  -2      275.575     0.4985616   -1.24     0.63     0.58     0.75
            2   1   0   0    0   0      285.455     0.4897717   -1.77     1.79     1.71     1.04
            2   1   0   0    0  -1      285.465     0.4897365   -0.77     0.78     0.75     0.45
            2   0   0   2    0   2      295.555     0.4810750   -0.33     0.62     0.65     0.19
