Expression for the X coordinate of the CIP in the GCRS based on a simplification
of the IAU2000A precession-nutation model (IAU2000C)

--------------------------------------------------------------------------------------------------------------

Y = polynomial part + non-polynomial part

--------------------------------------------------------------------------------------------------------------


Polynomial part (unit microarcsecond)

  -6729.14 - 25284.03 t - 22407201.11 t^2 + 2002.96 t^3 + 1063.81 t^4 + 0.99 t^5

--------------------------------------------------------------------------------------------------------------

Non-polynomial part (unit microarcsecond)
(ARG being for various combination of the fundamental arguments of the nutation theory)

  Sum_i[b_{c,0})_i * cos(ARG) + b_{s,0})_i * sin(ARG)] 

+ Sum_i)j=1,4 [b_{c,j})_i * t^j * cos(ARG) + b_{s,j})_i * sin(ARG)] * t^j]

The Table below provides the values for b_{s,j})_i and b_{c,j})_i

The expressions for the fundamental arguments appearing in columns 4 to 8 (luni-solar part) 
are those of the IERS Conventions 2000

--------------------------------------------------------------------------------------------------------------

    i    b_{s,j})_i      b_{c,j})_i    l    l'   F    D   Om L_Me L_Ve  L_E L_Ma  L_J L_Sa  L_U L_Ne  p_A

--------------------------------------------------------------------------------------------------------------

j = 0  Nb of terms = 82

    1        1538.18     9205236.26    0    0    0    0    1    0    0    0    0    0    0    0    0    0
    2        -458.66      573033.42    0    0    2   -2    2    0    0    0    0    0    0    0    0    0
    3         137.41       97846.69    0    0    2    0    2    0    0    0    0    0    0    0    0    0
    4         -29.05      -89618.24    0    0    0    0    2    0    0    0    0    0    0    0    0    0
    5         -17.40       22438.42    0    1    2   -2    2    0    0    0    0    0    0    0    0    0
    6          31.80       20069.50    0    0    2    0    1    0    0    0    0    0    0    0    0    0
    7          36.70       12902.66    1    0    2    0    2    0    0    0    0    0    0    0    0    0
    8         -13.20       -9592.72    0    1   -2    2   -2    0    0    0    0    0    0    0    0    0
    9        -192.40        7387.02    0    1    0    0    0    0    0    0    0    0    0    0    0    0
   10           3.92       -6918.22    0    0    2   -2    1    0    0    0    0    0    0    0    0    0
   11           0.40       -5331.13    1    0   -2    0   -2    0    0    0    0    0    0    0    0    0
   12          -0.90       -3323.89    1    0    0    0    1    0    0    0    0    0    0    0    0    0
   13           7.50        3143.98    1    0    0    0   -1    0    0    0    0    0    0    0    0    0
   14           7.80        2636.13    1    0    2    0    1    0    0    0    0    0    0    0    0    0
   15          -6.60        2554.51    1    0   -2   -2   -2    0    0    0    0    0    0    0    0    0
   16          -2.00       -2423.59    2    0   -2    0   -1    0    0    0    0    0    0    0    0    0
   17           6.80        1645.01    0    0    2    2    2    0    0    0    0    0    0    0    0    0
   18           0.00       -1387.00    0    2   -2    2   -2    0    0    0    0    0    0    0    0    0
   19           5.90        1323.81    2    0    2    0    2    0    0    0    0    0    0    0    0    0
   20          -0.30       -1233.89    1    0    2   -2    2    0    0    0    0    0    0    0    0    0
   21           0.30       -1075.60    1    0   -2    0   -1    0    0    0    0    0    0    0    0    0
   22          -4.48         852.85    0    1    0    0    1    0    0    0    0    0    0    0    0    0
   23           0.10        -800.34    1    0    0   -2   -1    0    0    0    0    0    0    0    0    0
   24          35.80        -674.99    1    0    0    0    0    0    0    0    0    0    0    0    0    0
   25          -1.40         695.54    1    0    0   -2    1    0    0    0    0    0    0    0    0    0
   26          -0.50         684.99    0    2    2   -2    2    0    0    0    0    0    0    0    0    0
   27          -2.62         643.75    0    1    0    0   -1    0    0    0    0    0    0    0    0    0
   28          -1.50         522.11    1    0   -2   -2   -1    0    0    0    0    0    0    0    0    0
   29           1.40         335.24    0    0    2    2    1    0    0    0    0    0    0    0    0    0
   30           1.90         326.60    1    0    2    2    2    0    0    0    0    0    0    0    0    0
   31           0.40         327.11    0    0    0    2    1    0    0    0    0    0    0    0    0    0
   32          -0.50        -325.03    0    1    2    0    2    0    0    0    0    0    0    0    0    0
   33          -0.40         307.03    0    1   -2    0   -2    0    0    0    0    0    0    0    0    0
   34           0.50         304.17    2    0    0   -2   -1    0    0    0    0    0    0    0    0    0
   35          -0.10        -304.46    1    0    2   -2    1    0    0    0    0    0    0    0    0    0
   36          -0.40        -276.81    2    0    2   -2    2    0    0    0    0    0    0    0    0    0
   37           0.90         272.05    0    0    0    2   -1    0    0    0    0    0    0    0    0    0
   38           0.30         272.22    0    1   -2    2   -1    0    0    0    0    0    0    0    0    0
   39           1.20         269.45    2    0    2    0    1    0    0    0    0    0    0    0    0    0
   40           0.10        -220.67    2    0    0   -2    1    0    0    0    0    0    0    0    0    0
   41           0.10        -190.79    0    1    2   -2    1    0    0    0    0    0    0    0    0    0
   42         167.90           0.00    0    1   -1    1   -1    0    0    0    0    0    0    0    0    0
   43          -8.20        -123.48    1    0    0   -2    0    0    0    0    0    0    0    0    0    0
   44           0.10         131.04    2    0   -2    0   -2    0    0    0    0    0    0    0    0    0
   45           0.40         126.64    2    0    0    0   -1    0    0    0    0    0    0    0    0    0
   46           2.90        -122.28    0    0    0    2    0    0    0    0    0    0    0    0    0    0
   47           0.70         123.20    3    0    2    0    2    0    0    0    0    0    0    0    0    0
   48           0.40         123.20    1   -1    2    0    2    0    0    0    0    0    0    0    0    0
   49          -0.30         120.70    1    1   -2   -2   -2    0    0    0    0    0    0    0    0    0
   50          -0.50         112.90    0    1   -2   -2   -2    0    0    0    0    0    0    0    0    0
   51          -0.20        -112.94    2    0    0    0    1    0    0    0    0    0    0    0    0    0
   52           0.20         107.31    1    0   -2    2   -1    0    0    0    0    0    0    0    0    0
   53          -0.30        -106.20    1    1    2    0    2    0    0    0    0    0    0    0    0    0
   54          89.10           0.00    1    0   -1    0   -1    0    0    0    0    0    0    0    0    0
   55           0.00          85.32    1    0    0    0    2    0    0    0    0    0    0    0    0    0
   56          -0.20         -71.00    0    0    2    1    2    0    0    0    0    0    0    0    0    0
   57           0.00         -70.01    1   -1    0   -1   -1    0    0    0    0    0    0    0    0    0
   58          13.90         -55.30    1    0    0   -1    0    0    0    0    0    0    0    0    0    0
   59           0.00          67.25    0    2   -2    2   -1    0    0    0    0    0    0    0    0    0
   60           0.40          66.29    1    0    2    2    1    0    0    0    0    0    0    0    0    0
   61          -0.40          64.70    1    0   -2   -4   -2    0    0    0    0    0    0    0    0    0
   62           1.30         -60.90    2    0    0    0    0    0    0    0    0    0    0    0    0    0
   63          -0.20         -60.92    1    0    0    0   -2    0    0    0    0    0    0    0    0    0
   64           0.20         -59.20    2    0   -2   -2   -2    0    0    0    0    0    0    0    0    0
   65           1.10         -55.55    0    0    2    0    0    0    0    0    0    0    0    0    0    0
   66           0.00         -55.60    1    1    2   -2    2    0    0    0    0    0    0    0    0    0
   67          -0.20          51.80    2    0   -2   -4   -2    0    0    0    0    0    0    0    0    0
   68           1.00         -49.51    1    0    0   -1   -1    0    0    0    0    0    0    0    0    0
   69           2.50          47.70    2    0    0   -2    0    0    0    0    0    0    0    0    0    0
   70           0.10         -49.00    1    0   -4    0   -2    0    0    0    0    0    0    0    0    0
   71          -0.10         -44.04    0    0    2   -2   -1    0    0    0    0    0    0    0    0    0
   72           0.00         -39.11    1    1    0   -2   -1    0    0    0    0    0    0    0    0    0
   73           0.10          36.95    0    0    2    0   -1    0    0    0    0    0    0    0    0    0
   74          -0.10          34.59    0    1   -2    0   -1    0    0    0    0    0    0    0    0    0
   75           0.10          27.50    1    0    0    2   -1    0    0    0    0    0    0    0    0    0
   76           0.00          25.80    1   -1    0   -1   -2    0    0    0    0    0    0    0    0    0
   77           0.00         -25.31    0    1    0    0   -2    0    0    0    0    0    0    0    0    0
   78           0.10         -24.40    1   -1   -2   -2   -2    0    0    0    0    0    0    0    0    0
   79          -0.10          24.00    1    1   -2   -2   -1    0    0    0    0    0    0    0    0    0
   80          -0.10          22.50    0    1   -2   -2   -1    0    0    0    0    0    0    0    0    0
   81           0.20         -19.94    1    0    0    2    0    0    0    0    0    0    0    0    0    0
   82           0.00         -20.00    1   -1   -2    0   -2    0    0    0    0    0    0    0    0    0

j = 1  Nb of terms = 34

   83      153041.82         878.89    0    0    0    0    1    0    0    0    0    0    0    0    0    0
   84       11714.49        -289.32    0    0    2   -2    2    0    0    0    0    0    0    0    0    0
   85        2024.68         -50.99    0    0    2    0    2    0    0    0    0    0    0    0    0    0
   86       -1837.33          47.75    0    0    0    0    2    0    0    0    0    0    0    0    0    0
   87       -1312.21         -28.91    0    1    0    0    0    0    0    0    0    0    0    0    0    0
   88        -632.54           0.78    1    0    0    0    0    0    0    0    0    0    0    0    0    0
   89         459.68         -67.23    0    1    2   -2    2    0    0    0    0    0    0    0    0    0
   90         344.50           1.46    0    0    2    0    1    0    0    0    0    0    0    0    0    0
   91         268.14          -7.03    1    0    2    0    2    0    0    0    0    0    0    0    0    0
   92         192.06          29.80    0    1   -2    2   -2    0    0    0    0    0    0    0    0    0
   93         139.64           0.15    1    0    0   -2    0    0    0    0    0    0    0    0    0    0
   94        -113.94          -1.06    0    0    2   -2    1    0    0    0    0    0    0    0    0    0
   95         109.81           3.18    1    0   -2    0   -2    0    0    0    0    0    0    0    0    0
   96         -56.37           0.13    0    0    0    2    0    0    0    0    0    0    0    0    0    0
   97         -56.17          -0.02    1    0    0    0    1    0    0    0    0    0    0    0    0    0
   98         -53.05          -1.23    1    0   -2   -2   -2    0    0    0    0    0    0    0    0    0
   99         -51.60           0.17    1    0    0    0   -1    0    0    0    0    0    0    0    0    0
  100          45.91          -0.11    1    0    2    0    1    0    0    0    0    0    0    0    0    0
  101         -42.45           0.02    2    0    0   -2    0    0    0    0    0    0    0    0    0    0
  102          40.82          -1.03    2    0   -2    0   -1    0    0    0    0    0    0    0    0    0
  103          34.30          -1.24    0    0    2    2    2    0    0    0    0    0    0    0    0    0
  104          28.89           0.00    0    2   -2    2   -2    0    0    0    0    0    0    0    0    0
  105          27.61          -1.22    2    0    2    0    2    0    0    0    0    0    0    0    0    0
  106         -25.43           1.00    1    0    2   -2    2    0    0    0    0    0    0    0    0    0
  107         -26.01           0.07    2    0    0    0    0    0    0    0    0    0    0    0    0    0
  108         -23.02           0.06    0    0    2    0    0    0    0    0    0    0    0    0    0    0
  109          19.37          -0.01    0    0    2   -2    0    0    0    0    0    0    0    0    0    0
  110          14.05          -4.19    0    2    2   -2    2    0    0    0    0    0    0    0    0    0
  111          18.18          -0.01    1    0   -2    0   -1    0    0    0    0    0    0    0    0    0
  112         -14.86          -0.09    0    2    0    0    0    0    0    0    0    0    0    0    0    0
  113          13.49          -0.01    1    0    0   -2   -1    0    0    0    0    0    0    0    0    0
  114          12.44          -0.27    0    1    0    0    1    0    0    0    0    0    0    0    0    0
  115          11.46           0.03    1    0    0   -2    1    0    0    0    0    0    0    0    0    0
  116         -11.33          -0.06    0    1    0    0   -1    0    0    0    0    0    0    0    0    0

j = 2  Nb of terms = 4

  117         121.15       -2301.27    0    0    0    0    1    0    0    0    0    0    0    0    0    0
  118          -0.98        -143.27    0    0    2   -2    2    0    0    0    0    0    0    0    0    0
  119          -0.27         -24.46    0    0    2    0    2    0    0    0    0    0    0    0    0    0
  120           0.24          22.41    0    0    0    0    2    0    0    0    0    0    0    0    0    0

j = 3  Nb of terms = 1

  121         -15.23          -1.62    0    0    0    0    1    0    0    0    0    0    0    0    0    0
