The following table has been truncated from the original IERS file
tab5.3a.txt, in order to retain only the first Psi/Eps table and
remove the a+/a- table that was in the same file.

* NUTATION SERIES FROM VLBI DATA
*  L Lm  F  D Om       Period               In Phase                          Out of phase
*                      (days)       Psi     dPsi/dt   Eps    dEps/dt   Psi   dPsi/dt    Eps  Deps/dt
*                                   (mas)   (mas/c)    (mas)   (mas/c)  (mas)  (mas/c)  (mas)  (mas/c)
   0  0  0  0  1    -6798.383 -17206.4161 -17.4666  9205.2331  0.9086  3.3386  0.0029  1.5377  0.0002
   0  0  2 -2  2      182.621  -1317.0906  -0.1675   573.0336 -0.3015 -1.3696  0.0012 -0.4587 -0.0003
   0  0  2  0  2       13.661   -227.6413  -0.0234    97.8459 -0.0485  0.2796  0.0002  0.1374 -0.0001
   0  0  0  0  2    -3399.192    207.4554   0.0207   -89.7492  0.0470 -0.0698  0.0000 -0.0291  0.0000
   0  1  0  0  0      365.260    147.5877  -0.3633     7.3871 -0.0184  1.1817 -0.0015 -0.1924  0.0005
   0  1  2 -2  2      121.749    -51.6821   0.1226    22.4386 -0.0677 -0.0524  0.0002 -0.0174  0.0000
   1  0  0  0  0       27.555     71.1159   0.0073    -0.6750  0.0000 -0.0872  0.0000  0.0358  0.0000
   0  0  2  0  1       13.633    -38.7298  -0.0367    20.0728  0.0018  0.0380  0.0001  0.0318  0.0000
   1  0  2  0  2        9.133    -30.1461  -0.0036    12.9025 -0.0063  0.0816  0.0000  0.0367  0.0000
   0 -1  2 -2  2      365.225     21.5829  -0.0494    -9.5929  0.0299  0.0111  0.0000  0.0132 -0.0001
   0  0  2 -2  1      177.844     12.8227   0.0137    -6.8982 -0.0009  0.0181  0.0000  0.0039  0.0000
  -1  0  2  0  2       27.093     12.3457   0.0011    -5.3311  0.0032  0.0019  0.0000 -0.0004  0.0000
  -1  0  0  2  0       31.812     15.6994   0.0010    -0.1235  0.0000 -0.0168  0.0000  0.0082  0.0000
   1  0  0  0  1       27.667      6.3110   0.0063    -3.3228  0.0000  0.0027  0.0000 -0.0009  0.0000
  -1  0  0  0  1      -27.443     -5.7976  -0.0063     3.1429  0.0000 -0.0189  0.0000 -0.0075  0.0000
  -1  0  2  2  2        9.557     -5.9641  -0.0011     2.5543 -0.0011  0.0149  0.0000  0.0066  0.0000
   1  0  2  0  1        9.121     -5.1613  -0.0042     2.6366  0.0000  0.0129  0.0000  0.0078  0.0000
  -2  0  2  0  1     1305.479      4.5893   0.0050    -2.4236 -0.0010  0.0031  0.0000  0.0020  0.0000
   0  0  0  2  0       14.765      6.3384   0.0011    -0.1220  0.0000 -0.0150  0.0000  0.0029  0.0000
   0  0  2  2  2        7.096     -3.8571  -0.0001     1.6452 -0.0011  0.0158  0.0000  0.0068  0.0000
   0 -2  2 -2  2  3823589.337      3.2481   0.0000    -1.3870  0.0000  0.0000  0.0000  0.0000  0.0000
  -2  0  0  2  0     -205.892     -4.7722   0.0000     0.0477  0.0000 -0.0018  0.0000 -0.0025  0.0000
   2  0  2  0  2        6.859     -3.1046  -0.0001     1.3238 -0.0011  0.0131  0.0000  0.0059  0.0000
   1  0  2 -2  2       23.942      2.8593   0.0000    -1.2338  0.0010 -0.0001  0.0000 -0.0003  0.0000
  -1  0  2  0  1       26.985      2.0441   0.0021    -1.0758  0.0000  0.0010  0.0000 -0.0003  0.0000
   2  0  0  0  0       13.777      2.9243   0.0000    -0.0609  0.0000 -0.0074  0.0000  0.0013  0.0000
   0  0  2  0  0       13.606      2.5887   0.0000    -0.0550  0.0000 -0.0066  0.0000  0.0011  0.0000
   0  1  0  0  1      385.998     -1.4053  -0.0025     0.8551 -0.0002  0.0079  0.0000 -0.0045  0.0000
  -1  0  0  2  1       31.961      1.5164   0.0010    -0.8001  0.0000  0.0011  0.0000 -0.0001  0.0000
   0  2  2 -2  2       91.313     -1.5794   0.0072     0.6850 -0.0042 -0.0016  0.0000 -0.0005  0.0000
   0  0 -2  2  0     -173.310      2.1783   0.0000    -0.0167  0.0000  0.0013  0.0000  0.0013  0.0000
   1  0  0 -2  1      -31.664     -1.2873  -0.0010     0.6953  0.0000 -0.0037  0.0000 -0.0014  0.0000
   0 -1  0  0  1     -346.636     -1.2654   0.0011     0.6415  0.0000  0.0063  0.0000  0.0026  0.0000
  -1  0  2  2  1        9.543     -1.0204   0.0000     0.5222  0.0000  0.0025  0.0000  0.0015  0.0000
   0  2  0  0  0      182.630      1.6707  -0.0085     0.0168 -0.0001 -0.0010  0.0000  0.0010  0.0000
   1  0  2  2  2        5.643     -0.7691   0.0000     0.3268  0.0000  0.0044  0.0000  0.0019  0.0000
  -2  0  2  0  0     1095.175     -1.1024   0.0000     0.0104  0.0000 -0.0014  0.0000  0.0002  0.0000
   0  1  2  0  2       13.168      0.7566  -0.0021    -0.3250  0.0000 -0.0011  0.0000 -0.0005  0.0000
   0  0  2  2  1        7.088     -0.6637  -0.0011     0.3353  0.0000  0.0025  0.0000  0.0014  0.0000
   0 -1  2  0  2       14.192     -0.7141   0.0021     0.3070  0.0000  0.0008  0.0000  0.0004  0.0000
   0  0  0  2  1       14.797     -0.6302  -0.0011     0.3272  0.0000  0.0002  0.0000  0.0004  0.0000
   1  0  2 -2  1       23.858      0.5800   0.0010    -0.3045  0.0000  0.0002  0.0000 -0.0001  0.0000
   2  0  2 -2  2       12.811      0.6443   0.0000    -0.2768  0.0000 -0.0007  0.0000 -0.0004  0.0000
  -2  0  0  2  1     -199.840     -0.5774  -0.0011     0.3041  0.0000 -0.0015  0.0000 -0.0005  0.0000
   2  0  2  0  1        6.852     -0.5350   0.0000     0.2695  0.0000  0.0021  0.0000  0.0012  0.0000
   0 -1  2 -2  1      346.604     -0.4752  -0.0011     0.2719  0.0000 -0.0003  0.0000 -0.0003  0.0000
   0  0  0 -2  1      -14.733     -0.4940  -0.0011     0.2720  0.0000 -0.0021  0.0000 -0.0009  0.0000
  -1 -1  0  2  0       34.847      0.7350   0.0000    -0.0051  0.0000 -0.0008  0.0000  0.0004  0.0000
   2  0  0 -2  1      212.323      0.4065   0.0000    -0.2206  0.0000  0.0006  0.0000  0.0001  0.0000
   1  0  0  2  0        9.614      0.6579   0.0000    -0.0199  0.0000 -0.0024  0.0000  0.0002  0.0000
   0  1  2 -2  1      119.607      0.3579   0.0000    -0.1900  0.0000  0.0005  0.0000  0.0001  0.0000
   1 -1  0  0  0       29.803      0.4725   0.0000    -0.0041  0.0000 -0.0006  0.0000  0.0003  0.0000
  -2  0  2  0  2     1615.748     -0.3075   0.0000     0.1313  0.0000 -0.0002  0.0000 -0.0001  0.0000
   3  0  2  0  2        5.492     -0.2904   0.0000     0.1233  0.0000  0.0015  0.0000  0.0007  0.0000
   0 -1  0  2  0       15.387      0.4348   0.0000    -0.0081  0.0000 -0.0010  0.0000  0.0002  0.0000
   1 -1  2  0  2        9.367     -0.2878   0.0000     0.1232  0.0000  0.0008  0.0000  0.0004  0.0000
   0  0  0  1  0       29.531     -0.4230   0.0000    -0.0020  0.0000  0.0005  0.0000 -0.0002  0.0000
  -1 -1  2  2  2        9.814     -0.2819   0.0000     0.1207  0.0000  0.0007  0.0000  0.0003  0.0000
  -1  0  2  0  0       26.878     -0.4056   0.0000     0.0040  0.0000  0.0005  0.0000 -0.0002  0.0000
   0 -1  2  2  2        7.236     -0.2647   0.0000     0.1129  0.0000  0.0011  0.0000  0.0005  0.0000
  -2  0  0  0  1      -13.749     -0.2294   0.0000     0.1266  0.0000 -0.0010  0.0000 -0.0004  0.0000
   1  1  2  0  2        8.910      0.2481   0.0000    -0.1062  0.0000 -0.0007  0.0000 -0.0003  0.0000
   2  0  0  0  1       13.805      0.2179   0.0000    -0.1129  0.0000 -0.0002  0.0000 -0.0002  0.0000
  -1  1  0  1  0     3232.862      0.3276   0.0000    -0.0009  0.0000  0.0001  0.0000  0.0000  0.0000
   1  1  0  0  0       25.622     -0.3389   0.0000     0.0035  0.0000  0.0005  0.0000 -0.0002  0.0000
   1  0  2  0  0        9.108      0.3339   0.0000    -0.0107  0.0000 -0.0013  0.0000  0.0001  0.0000
  -1  0  2 -2  1      -32.606     -0.1987   0.0000     0.1073  0.0000 -0.0006  0.0000 -0.0002  0.0000
   1  0  0  0  2       27.780     -0.1981   0.0000     0.0854  0.0000  0.0000  0.0000  0.0000  0.0000
  -1  0  0  1  0     -411.784      0.4026   0.0000    -0.0553  0.0000 -0.0353  0.0000 -0.0139  0.0000
   0  0  2  1  2        9.340      0.1660   0.0000    -0.0710  0.0000 -0.0005  0.0000 -0.0002  0.0000
  -1  0  2  4  2        5.802     -0.1521   0.0000     0.0647  0.0000  0.0009  0.0000  0.0004  0.0000
  -1  1  0  1  1     6164.101      0.1314   0.0000    -0.0700  0.0000  0.0000  0.0000  0.0000  0.0000
   0 -2  2 -2  1     6786.317     -0.1283   0.0000     0.0672  0.0000  0.0000  0.0000  0.0000  0.0000
   1  0  2  2  1        5.638     -0.1331   0.0000     0.0663  0.0000  0.0008  0.0000  0.0004  0.0000
  -2  0  2  2  2       14.632      0.1383   0.0000    -0.0594  0.0000 -0.0002  0.0000 -0.0002  0.0000
  -1  0  0  0  2      -27.333      0.1405   0.0000    -0.0610  0.0000  0.0004  0.0000  0.0002  0.0000
   1  1  2 -2  2       22.469      0.1290   0.0000    -0.0556  0.0000  0.0000  0.0000  0.0000  0.0000
  -2  0  2  4  2        7.349     -0.1214   0.0000     0.0518  0.0000  0.0005  0.0000  0.0002  0.0000
  -1  0  4  0  2        9.057      0.1146   0.0000    -0.0490  0.0000 -0.0003  0.0000 -0.0001  0.0000
   2  0  2 -2  1       12.787      0.1019   0.0000    -0.0527  0.0000 -0.0001  0.0000 -0.0001  0.0000
   2  0  2  2  2        4.684     -0.1100   0.0000     0.0465  0.0000  0.0009  0.0000  0.0004  0.0000
   1  0  0  2  1        9.627     -0.0970   0.0000     0.0496  0.0000  0.0002  0.0000  0.0001  0.0000
   3  0  0  0  0        9.185      0.1575   0.0000    -0.0050  0.0000 -0.0006  0.0000  0.0000  0.0000
   3  0  2 -2  2        8.745      0.0934   0.0000    -0.0399  0.0000 -0.0003  0.0000 -0.0001  0.0000
   0  0  4 -2  2       12.663      0.0922   0.0000    -0.0395  0.0000 -0.0001  0.0000 -0.0001  0.0000
   0  1  2  0  1       13.143      0.0815   0.0000    -0.0422  0.0000 -0.0001  0.0000 -0.0001  0.0000
   0  0 -2  2  1     -169.002      0.0834   0.0000    -0.0440  0.0000  0.0002  0.0000  0.0001  0.0000
   0  0  2 -2  3      187.662      0.1248   0.0000    -0.0170  0.0000  0.0000  0.0000  0.0001  0.0000
  -1  0  0  4  0       10.085      0.1338   0.0000    -0.0039  0.0000 -0.0005  0.0000  0.0000  0.0000
   2  0 -2  0  1     -943.227      0.0716   0.0000    -0.0389  0.0000 -0.0002  0.0000 -0.0001  0.0000
  -2  0  0  4  0       15.906      0.1282   0.0000    -0.0023  0.0000 -0.0003  0.0000  0.0001  0.0000
  -1 -1  0  2  1       35.026      0.0742   0.0000    -0.0391  0.0000  0.0001  0.0000  0.0000  0.0000
  -1  0  0  1  1     -388.267      0.1020   0.0000    -0.0495  0.0000 -0.0025  0.0000 -0.0010  0.0000
   0  1  0  0  2      409.234      0.0715   0.0000    -0.0326  0.0000 -0.0004  0.0000  0.0002  0.0000
   0  0 -2  0  1      -13.579     -0.0666   0.0000     0.0369  0.0000 -0.0003  0.0000 -0.0001  0.0000
   0 -1  2  0  1       14.162     -0.0667   0.0000     0.0346  0.0000  0.0001  0.0000  0.0001  0.0000
   0  0  2 -1  2       25.420     -0.0704   0.0000     0.0304  0.0000  0.0000  0.0000  0.0000  0.0000
   0  0  2  4  2        4.793     -0.0694   0.0000     0.0294  0.0000  0.0005  0.0000  0.0002  0.0000
  -2 -1  0  2  0     -131.671     -0.1014   0.0000     0.0004  0.0000 -0.0001  0.0000 -0.0001  0.0000
   1  1  0 -2  1      -34.669     -0.0585   0.0000     0.0316  0.0000 -0.0002  0.0000 -0.0001  0.0000
  -1  1  0  2  0       29.263     -0.0949   0.0000     0.0008  0.0000  0.0001  0.0000 -0.0001  0.0000
  -1  1  0  1  2    66068.188     -0.0595   0.0000     0.0258  0.0000  0.0000  0.0000  0.0000  0.0000
   1 -1  0  0  1       29.934      0.0528   0.0000    -0.0279  0.0000  0.0000  0.0000  0.0000  0.0000
   1 -1  2  2  2        5.731     -0.0590   0.0000     0.0252  0.0000  0.0004  0.0000  0.0002  0.0000
  -1  1  2  2  2        9.313      0.0570   0.0000    -0.0244  0.0000 -0.0002  0.0000 -0.0001  0.0000
   3  0  2  0  1        5.488     -0.0502   0.0000     0.0250  0.0000  0.0003  0.0000  0.0002  0.0000
   0  1 -2  2  0     -329.791     -0.0875   0.0000     0.0029  0.0000  0.0001  0.0000  0.0000  0.0000
  -1  0  0 -2  1       -9.600     -0.0492   0.0000     0.0275  0.0000 -0.0003  0.0000 -0.0001  0.0000
   0  1  2  2  2        6.961      0.0535   0.0000    -0.0228  0.0000 -0.0002  0.0000 -0.0001  0.0000
  -1 -1  2  2  1        9.799     -0.0467   0.0000     0.0240  0.0000  0.0001  0.0000  0.0001  0.0000
   0 -1  0  0  2     -329.819      0.0591   0.0000    -0.0253  0.0000  0.0000  0.0000  0.0000  0.0000
   1  0  2 -4  1      -38.742     -0.0453   0.0000     0.0244  0.0000 -0.0001  0.0000 -0.0001  0.0000
  -1  0 -2  2  0      -23.775      0.0766   0.0000     0.0009  0.0000  0.0001  0.0000  0.0000  0.0000
   0 -1  2  2  1        7.229     -0.0446   0.0000     0.0225  0.0000  0.0002  0.0000  0.0001  0.0000
   2 -1  2  0  2        6.991     -0.0488   0.0000     0.0207  0.0000  0.0002  0.0000  0.0001  0.0000
   0  0  0  2  2       14.830     -0.0468   0.0000     0.0201  0.0000  0.0000  0.0000  0.0000  0.0000
   1 -1  2  0  1        9.354     -0.0421   0.0000     0.0216  0.0000  0.0001  0.0000  0.0001  0.0000
  -1  1  2  0  2       25.222      0.0463   0.0000    -0.0200  0.0000  0.0000  0.0000  0.0000  0.0000
   0  1  0  2  0       14.192     -0.0673   0.0000     0.0014  0.0000  0.0002  0.0000  0.0000  0.0000
   0 -1 -2  2  0     -117.539      0.0658   0.0000    -0.0002  0.0000  0.0000  0.0000  0.0000  0.0000
   0  3  2 -2  2       73.051     -0.0438   0.0000     0.0188  0.0000  0.0000  0.0000  0.0000  0.0000
   0  0  0  1  1       29.659     -0.0390   0.0000     0.0205  0.0000  0.0000  0.0000  0.0000  0.0000
  -1  0  2  2  0        9.530      0.0639  -0.0011    -0.0019  0.0000 -0.0002  0.0000  0.0000  0.0000
   2  1  2  0  2        6.733      0.0412   0.0000    -0.0176  0.0000 -0.0002  0.0000 -0.0001  0.0000
   1  1  0  0  1       25.719     -0.0361   0.0000     0.0189  0.0000  0.0000  0.0000  0.0000  0.0000
   1  1  2  0  1        8.898      0.0360   0.0000    -0.0185  0.0000 -0.0001  0.0000 -0.0001  0.0000
   2  0  0  2  0        7.127      0.0588   0.0000    -0.0024  0.0000 -0.0003  0.0000  0.0000  0.0000
   1  0 -2  2  0       32.764     -0.0578   0.0000     0.0005  0.0000  0.0001  0.0000  0.0000  0.0000
  -1  0  0  2  2       32.112     -0.0396   0.0000     0.0171  0.0000  0.0000  0.0000  0.0000  0.0000
   0  1  0  1  0       27.322      0.0565   0.0000    -0.0006  0.0000 -0.0001  0.0000  0.0000  0.0000
   0  1  0 -2  1      -15.353     -0.0335   0.0000     0.0184  0.0000 -0.0001  0.0000 -0.0001  0.0000
  -1  0  2 -2  2      -32.451      0.0357   0.0000    -0.0154  0.0000  0.0001  0.0000  0.0000  0.0000
   0  0  0 -1  1      -29.403      0.0321   0.0000    -0.0174  0.0000  0.0001  0.0000  0.0000  0.0000
  -1  1  0  0  1      -29.673     -0.0301   0.0000     0.0162  0.0000 -0.0001  0.0000  0.0000  0.0000
   1  0  2 -1  2       13.222     -0.0334   0.0000     0.0144  0.0000  0.0000  0.0000  0.0000  0.0000
   1 -1  0  2  0        9.874      0.0493   0.0000    -0.0015  0.0000 -0.0002  0.0000  0.0000  0.0000
   0  0  0  4  0        7.383      0.0494   0.0000    -0.0019  0.0000 -0.0002  0.0000  0.0000  0.0000
   1  0  2  1  2        6.976      0.0337   0.0000    -0.0143  0.0000 -0.0001  0.0000 -0.0001  0.0000
   0  0  2  1  1        9.327      0.0280   0.0000    -0.0144  0.0000 -0.0001  0.0000  0.0000  0.0000
   1  0  0 -2  2      -31.517      0.0309   0.0000    -0.0134  0.0000  0.0001  0.0000  0.0000  0.0000
  -1  0  2  4  1        5.797     -0.0263   0.0000     0.0131  0.0000  0.0002  0.0000  0.0001  0.0000
   1  0 -2  0  1      -26.772      0.0253   0.0000    -0.0138  0.0000  0.0001  0.0000  0.0000  0.0000
   1  1  2 -2  1       22.395      0.0245   0.0000    -0.0128  0.0000  0.0000  0.0000  0.0000  0.0000
   0  0  2  2  0        7.081      0.0416   0.0000    -0.0017  0.0000 -0.0002  0.0000  0.0000  0.0000
  -1  0  2 -1  1      313.042     -0.0229   0.0000     0.0128  0.0000  0.0000  0.0000  0.0000  0.0000
  -2  0  2  2  1       14.600      0.0231   0.0000    -0.0120  0.0000  0.0000  0.0000  0.0000  0.0000
   4  0  2  0  2        4.579     -0.0259   0.0000     0.0109  0.0000  0.0002  0.0000  0.0001  0.0000
   2 -1  0  0  0       14.317      0.0375   0.0000    -0.0008  0.0000 -0.0001  0.0000  0.0000  0.0000
   2  1  2 -2  2       12.377      0.0252   0.0000    -0.0108  0.0000  0.0000  0.0000  0.0000  0.0000
   0  1  2  1  2        9.107     -0.0245   0.0000     0.0104  0.0000  0.0001  0.0000  0.0000  0.0000
   1  0  4 -2  2        8.676      0.0243   0.0000    -0.0104  0.0000 -0.0001  0.0000  0.0000  0.0000
  -1 -1  0  0  1      -25.525      0.0208   0.0000    -0.0112  0.0000  0.0001  0.0000  0.0000  0.0000
   0  1  0  2  1       14.221      0.0199   0.0000    -0.0102  0.0000  0.0000  0.0000  0.0000  0.0000
  -2  0  2  4  1        7.341     -0.0208   0.0000     0.0105  0.0000  0.0001  0.0000  0.0000  0.0000
   2  0  2  0  0        6.846      0.0335   0.0000    -0.0014  0.0000 -0.0002  0.0000  0.0000  0.0000
   1  0  0  1  0       14.254     -0.0325   0.0000     0.0007  0.0000  0.0001  0.0000  0.0000  0.0000
  -1  0  0  4  1       10.100     -0.0187   0.0000     0.0096  0.0000  0.0000  0.0000  0.0000  0.0000
  -1  0  4  0  1        9.045      0.0197   0.0000    -0.0100  0.0000 -0.0001  0.0000  0.0000  0.0000
   2  0  2  2  1        4.680     -0.0192   0.0000     0.0094  0.0000  0.0002  0.0000  0.0001  0.0000
   0  0  2 -3  2      -35.227     -0.0188   0.0000     0.0083  0.0000  0.0000  0.0000  0.0000  0.0000
  -1 -2  0  2  0       38.522      0.0276   0.0000    -0.0002  0.0000  0.0000  0.0000  0.0000  0.0000
   2  1  0  0  0       13.276     -0.0286   0.0000     0.0006  0.0000  0.0001  0.0000  0.0000  0.0000
   0  0  4  0  2        6.817      0.0186   0.0000    -0.0079  0.0000 -0.0001  0.0000  0.0000  0.0000
   0  0  0  0  3    -2266.128     -0.0219   0.0000     0.0043  0.0000  0.0000  0.0000  0.0000  0.0000
   0  3  0  0  0      121.753      0.0276   0.0000     0.0002  0.0000  0.0000  0.0000  0.0000  0.0000
   0  0  2 -4  1      -16.102     -0.0153   0.0000     0.0084  0.0000 -0.0001  0.0000  0.0000  0.0000
   0 -1  0  2  1       15.422     -0.0156   0.0000     0.0081  0.0000  0.0000  0.0000  0.0000  0.0000
   0  0  0  4  1        7.391     -0.0154   0.0000     0.0078  0.0000  0.0001  0.0000  0.0000  0.0000
  -1 -1  2  4  2        5.895     -0.0174   0.0000     0.0075  0.0000  0.0001  0.0000  0.0000  0.0000
   1  0  2  4  2        4.083     -0.0163   0.0000     0.0069  0.0000  0.0002  0.0000  0.0001  0.0000
  -2  2  0  2  0     1616.431     -0.0228   0.0000     0.0001  0.0000  0.0000  0.0000  0.0000  0.0000
  -2 -1  2  0  1     -507.157      0.0091   0.0000    -0.0054  0.0000 -0.0004  0.0000 -0.0002  0.0000
  -2  0  0  2  2     -194.133      0.0175   0.0000    -0.0075  0.0000  0.0000  0.0000  0.0000  0.0000
  -1 -1  2  0  2       29.263     -0.0159   0.0000     0.0069  0.0000  0.0000  0.0000  0.0000  0.0000
   0  0  4 -2  1       12.639      0.0141   0.0000    -0.0072  0.0000  0.0000  0.0000  0.0000  0.0000
   3  0  2 -2  1        8.734      0.0147   0.0000    -0.0075  0.0000  0.0000  0.0000  0.0000  0.0000
  -2 -1  0  2  1     -129.169     -0.0132   0.0000     0.0069  0.0000  0.0000  0.0000  0.0000  0.0000
   1  0  0 -1  1      438.335      0.0159   0.0000    -0.0054  0.0000 -0.0028  0.0000  0.0011  0.0000
   0 -2  0  2  0       16.064      0.0213   0.0000    -0.0004  0.0000  0.0000  0.0000  0.0000  0.0000
  -2  0  0  4  1       15.943      0.0123   0.0000    -0.0064  0.0000  0.0000  0.0000  0.0000  0.0000
  -3  0  0  0  1       -9.172     -0.0118   0.0000     0.0066  0.0000 -0.0001  0.0000  0.0000  0.0000
   1  1  2  2  2        5.557      0.0144   0.0000    -0.0061  0.0000 -0.0001  0.0000  0.0000  0.0000
   0  0  2  4  1        4.789     -0.0121   0.0000     0.0060  0.0000  0.0001  0.0000  0.0000  0.0000
   3  0  2  2  2        4.003     -0.0134   0.0000     0.0056  0.0000  0.0001  0.0000  0.0001  0.0000
  -1  1  2 -2  1      -35.803     -0.0105   0.0000     0.0057  0.0000  0.0000  0.0000  0.0000  0.0000
   2  0  0 -4  1      -15.869     -0.0102   0.0000     0.0056  0.0000  0.0000  0.0000  0.0000  0.0000
   0  0  0 -2  2      -14.701      0.0120   0.0000    -0.0052  0.0000  0.0000  0.0000  0.0000  0.0000
   2  0  2 -4  1       95.421      0.0101   0.0000    -0.0054  0.0000  0.0000  0.0000  0.0000  0.0000
  -1  1  0  2  1       29.390     -0.0113   0.0000     0.0059  0.0000  0.0000  0.0000  0.0000  0.0000
   0  0  2 -1  1       25.325     -0.0106   0.0000     0.0061  0.0000  0.0000  0.0000  0.0000  0.0000
   0 -2  2  2  2        7.383     -0.0129   0.0000     0.0055  0.0000  0.0001  0.0000  0.0000  0.0000
   2  0  0  2  1        7.135     -0.0114   0.0000     0.0057  0.0000  0.0000  0.0000  0.0000  0.0000
   4  0  2 -2  2        6.638      0.0113   0.0000    -0.0049  0.0000 -0.0001  0.0000  0.0000  0.0000
   2  0  0 -2  2      219.167     -0.0102   0.0000     0.0044  0.0000  0.0000  0.0000  0.0000  0.0000
   0  2  0  0  1      187.671     -0.0094   0.0000     0.0051  0.0000  0.0000  0.0000  0.0000  0.0000
   1  0  0 -4  1      -10.070     -0.0100   0.0000     0.0056  0.0000 -0.0001  0.0000  0.0000  0.0000
   0  2  2 -2  1       90.103      0.0087   0.0000    -0.0047  0.0000  0.0000  0.0000  0.0000  0.0000
  -3  0  0  4  0       37.625      0.0161   0.0000    -0.0001  0.0000  0.0000  0.0000  0.0000  0.0000
  -1  1  2  0  1       25.129      0.0096   0.0000    -0.0050  0.0000  0.0000  0.0000  0.0000  0.0000
  -1 -1  0  4  0       10.371      0.0151   0.0000    -0.0005  0.0000 -0.0001  0.0000  0.0000  0.0000
  -1 -2  2  2  2       10.085     -0.0104   0.0000     0.0044  0.0000  0.0000  0.0000  0.0000  0.0000
  -2 -1  2  4  2        7.500     -0.0110   0.0000     0.0048  0.0000  0.0000  0.0000  0.0000  0.0000
   1 -1  2  2  1        5.726     -0.0100   0.0000     0.0050  0.0000  0.0001  0.0000  0.0000  0.0000
  -2  1  0  2  0     -471.891      0.0092   0.0000     0.0012  0.0000 -0.0005  0.0000 -0.0002  0.0000
  -2  1  2  0  1      285.406      0.0082   0.0000    -0.0045  0.0000  0.0000  0.0000  0.0000  0.0000
   2  1  0 -2  1      134.272      0.0082   0.0000    -0.0045  0.0000  0.0000  0.0000  0.0000  0.0000
  -3  0  2  0  1      -28.149     -0.0078   0.0000     0.0041  0.0000  0.0000  0.0000  0.0000  0.0000
  -2  0  2 -2  1      -14.934     -0.0077   0.0000     0.0043  0.0000  0.0000  0.0000  0.0000  0.0000
  -1  1  0  2  2       29.517      0.0002   0.0000     0.0054  0.0000  0.0000  0.0000  0.0000  0.0000
   0 -1  2 -1  2       27.321      0.0094   0.0000    -0.0040  0.0000  0.0000  0.0000  0.0000  0.0000
  -1  0  4 -2  2       23.430     -0.0093   0.0000     0.0040  0.0000  0.0000  0.0000  0.0000  0.0000
   0 -2  2  0  2       14.765     -0.0083   0.0000     0.0040  0.0000  0.0010  0.0000 -0.0002  0.0000
  -1  0  2  1  2       14.130      0.0083   0.0000    -0.0036  0.0000  0.0000  0.0000  0.0000  0.0000
   2  0  0  0  2       13.833     -0.0091   0.0000     0.0039  0.0000  0.0000  0.0000  0.0000  0.0000
   0  0  2  0  3       13.688      0.0128   0.0000    -0.0001  0.0000  0.0000  0.0000  0.0000  0.0000
  -2  0  4  0  2       13.492     -0.0079   0.0000     0.0034  0.0000  0.0000  0.0000  0.0000  0.0000
  -1  0 -2  0  1       -9.096     -0.0083   0.0000     0.0047  0.0000  0.0000  0.0000  0.0000  0.0000
  -1  1  2  2  1        9.300      0.0084   0.0000    -0.0044  0.0000  0.0000  0.0000  0.0000  0.0000
   3  0  0  0  1        9.197      0.0083   0.0000    -0.0043  0.0000  0.0000  0.0000  0.0000  0.0000
  -1  0  2  3  2        7.220      0.0091   0.0000    -0.0039  0.0000  0.0000  0.0000  0.0000  0.0000
   2 -1  2  0  1        6.983     -0.0077   0.0000     0.0039  0.0000  0.0000  0.0000  0.0000  0.0000
   0  1  2  2  1        6.953      0.0084   0.0000    -0.0043  0.0000  0.0000  0.0000  0.0000  0.0000
   0 -1  2  4  2        4.856     -0.0092   0.0000     0.0039  0.0000  0.0001  0.0000  0.0000  0.0000
   2 -1  2  2  2        4.744     -0.0092   0.0000     0.0039  0.0000  0.0001  0.0000  0.0000  0.0000
   0  2 -2  2  0    -3396.173     -0.0094   0.0000     0.0000  0.0000  0.0000  0.0000  0.0000  0.0000
  -1 -1  2 -1  1     2189.723      0.0068   0.0000    -0.0036  0.0000  0.0000  0.0000  0.0000  0.0000
   0 -2  0  0  1     -177.852     -0.0061   0.0000     0.0032  0.0000  0.0000  0.0000  0.0000  0.0000
   1  0  2 -4  2      -38.522      0.0071   0.0000    -0.0031  0.0000  0.0000  0.0000  0.0000  0.0000
   1 -1  0 -2  1      -29.138      0.0062   0.0000    -0.0034  0.0000  0.0000  0.0000  0.0000  0.0000
  -1 -1  2  0  1       29.138     -0.0063   0.0000     0.0033  0.0000  0.0000  0.0000  0.0000  0.0000
   1 -1  2 -2  2       25.622     -0.0073   0.0000     0.0032  0.0000  0.0000  0.0000  0.0000  0.0000
  -2 -1  0  4  0       16.630      0.0115   0.0000    -0.0002  0.0000  0.0000  0.0000  0.0000  0.0000
  -1  0  0  3  0       15.314     -0.0103   0.0000     0.0002  0.0000  0.0000  0.0000  0.0000  0.0000
  -2 -1  2  2  2       15.242      0.0063   0.0000    -0.0028  0.0000  0.0000  0.0000  0.0000  0.0000
   0  2  2  0  2       12.710      0.0074   0.0000    -0.0032  0.0000  0.0000  0.0000  0.0000  0.0000
   1  1  0  2  0        9.367     -0.0103   0.0000     0.0003  0.0000 -0.0003  0.0000 -0.0001  0.0000
   2  0  2 -1  2        8.935     -0.0069   0.0000     0.0030  0.0000  0.0000  0.0000  0.0000  0.0000
   1  0  2  1  1        6.968      0.0057   0.0000    -0.0029  0.0000  0.0000  0.0000  0.0000  0.0000
   4  0  0  0  0        6.889      0.0094   0.0000    -0.0004  0.0000  0.0000  0.0000  0.0000  0.0000
   2  1  2  0  1        6.726      0.0064   0.0000    -0.0033  0.0000  0.0000  0.0000  0.0000  0.0000
   3 -1  2  0  2        5.576     -0.0063   0.0000     0.0026  0.0000  0.0000  0.0000  0.0000  0.0000
  -2  2  0  2  1     2120.652     -0.0038   0.0000     0.0020  0.0000  0.0000  0.0000  0.0000  0.0000
   1  0  2 -3  1      124.203     -0.0043   0.0000     0.0024  0.0000  0.0000  0.0000  0.0000  0.0000
   1  1  2 -4  1      -43.339     -0.0045   0.0000     0.0023  0.0000  0.0000  0.0000  0.0000  0.0000
  -1 -1  2 -2  1      -29.934      0.0047   0.0000    -0.0024  0.0000  0.0000  0.0000  0.0000  0.0000
   0 -1  0 -1  1      -27.212     -0.0048   0.0000     0.0025  0.0000  0.0000  0.0000  0.0000  0.0000
   0 -1  0 -2  1      -14.162      0.0045   0.0000    -0.0026  0.0000  0.0000  0.0000  0.0000  0.0000
  -2  0  0  0  2      -13.722      0.0056   0.0000    -0.0025  0.0000  0.0000  0.0000  0.0000  0.0000
  -2  0 -2  2  0      -12.763      0.0088   0.0000     0.0002  0.0000  0.0000  0.0000  0.0000  0.0000
  -1  0 -2  4  0       38.964     -0.0075   0.0000     0.0000  0.0000  0.0000  0.0000  0.0000  0.0000
   1 -2  0  0  0       32.451      0.0085   0.0000     0.0000  0.0000  0.0000  0.0000  0.0000  0.0000
   0  1  0  1  1       27.432      0.0049   0.0000    -0.0026  0.0000  0.0000  0.0000  0.0000  0.0000
  -1  2  0  2  0       27.093     -0.0074   0.0000    -0.0001  0.0000 -0.0003  0.0000 -0.0001  0.0000
   1 -1  2 -2  1       25.525     -0.0039   0.0000     0.0021  0.0000  0.0000  0.0000  0.0000  0.0000
   1  2  2 -2  2       21.167      0.0045   0.0000    -0.0020  0.0000  0.0000  0.0000  0.0000  0.0000
   2 -1  2 -2  2       13.276      0.0051   0.0000    -0.0022  0.0000  0.0000  0.0000  0.0000  0.0000
   1  0  2 -1  1       13.196     -0.0040   0.0000     0.0021  0.0000  0.0000  0.0000  0.0000  0.0000
   2  1  2 -2  1       12.354      0.0041   0.0000    -0.0021  0.0000  0.0000  0.0000  0.0000  0.0000
  -2  0  0 -2  1       -7.120     -0.0042   0.0000     0.0024  0.0000  0.0000  0.0000  0.0000  0.0000
   1 -2  2  0  2        9.614     -0.0051   0.0000     0.0022  0.0000  0.0000  0.0000  0.0000  0.0000
   0  1  2  1  1        9.095     -0.0042   0.0000     0.0022  0.0000  0.0000  0.0000  0.0000  0.0000
   1  0  4 -2  1        8.665      0.0039   0.0000    -0.0021  0.0000  0.0000  0.0000  0.0000  0.0000
  -2  0  4  2  2        7.050      0.0046   0.0000    -0.0018  0.0000  0.0000  0.0000  0.0000  0.0000
   1  1  2  1  2        6.845     -0.0053   0.0000     0.0022  0.0000  0.0000  0.0000  0.0000  0.0000
   1  0  0  4  0        5.823      0.0082   0.0000    -0.0004  0.0000  0.0000  0.0000  0.0000  0.0000
   1  0  2  2  0        5.633      0.0081   0.0000    -0.0004  0.0000 -0.0001  0.0000  0.0000  0.0000
   2  0  2  1  2        5.566      0.0047   0.0000    -0.0019  0.0000  0.0000  0.0000  0.0000  0.0000
   3  1  2  0  2        5.411      0.0053   0.0000    -0.0023  0.0000  0.0000  0.0000  0.0000  0.0000
   4  0  2  0  1        4.576     -0.0045   0.0000     0.0022  0.0000  0.0000  0.0000  0.0000  0.0000
  -2 -1  2  0  0     -548.041     -0.0044   0.0000    -0.0002  0.0000  0.0000  0.0000  0.0000  0.0000
   0  1 -2  2  1     -314.533     -0.0033   0.0000     0.0016  0.0000  0.0000  0.0000  0.0000  0.0000
   1  0 -2  1  0     -299.262     -0.0061   0.0000     0.0001  0.0000  0.0000  0.0000  0.0000  0.0000
   0 -1 -2  2  1     -115.542      0.0028   0.0000    -0.0015  0.0000  0.0000  0.0000  0.0000  0.0000
   2 -1  0 -2  1      507.090     -0.0038   0.0000     0.0019  0.0000  0.0000  0.0000  0.0000  0.0000
  -1  0  2 -1  2      328.153     -0.0033   0.0000     0.0021  0.0000  0.0000  0.0000  0.0000  0.0000
   1  0  2 -3  2      126.514     -0.0060   0.0000     0.0000  0.0000  0.0000  0.0000  0.0000  0.0000
   0  1  2 -2  3      123.969      0.0048   0.0000    -0.0010  0.0000  0.0000  0.0000  0.0000  0.0000
   0  0  2 -3  1      -35.410      0.0027   0.0000    -0.0014  0.0000  0.0000  0.0000  0.0000  0.0000
  -1  0 -2  2  1      -23.692      0.0038   0.0000    -0.0020  0.0000  0.0000  0.0000  0.0000  0.0000
   0  0  2 -4  2      -16.064      0.0031   0.0000    -0.0013  0.0000  0.0000  0.0000  0.0000  0.0000
  -2  1  0  0  1      -14.287     -0.0029   0.0000     0.0015  0.0000  0.0000  0.0000  0.0000  0.0000
  -1  0  0 -1  1      -14.224      0.0028   0.0000    -0.0015  0.0000  0.0000  0.0000  0.0000  0.0000
   2  0  2 -4  2       96.780     -0.0032   0.0000     0.0015  0.0000  0.0000  0.0000  0.0000  0.0000
   0  0  4 -4  4       91.311      0.0045   0.0000    -0.0008  0.0000  0.0000  0.0000  0.0000  0.0000
   0  0  4 -4  2       88.922     -0.0044   0.0000     0.0019  0.0000  0.0000  0.0000  0.0000  0.0000
  -1 -2  0  2  1       38.742      0.0028   0.0000    -0.0015  0.0000  0.0000  0.0000  0.0000  0.0000
  -2  0  0  3  0       34.475     -0.0051   0.0000     0.0000  0.0000  0.0000  0.0000  0.0000  0.0000
   1  0 -2  2  1       32.922     -0.0036   0.0000     0.0020  0.0000  0.0000  0.0000  0.0000  0.0000
  -3  0  2  2  2       31.198      0.0044   0.0000    -0.0019  0.0000  0.0000  0.0000  0.0000  0.0000
  -3  0  2  2  1       31.055      0.0026   0.0000    -0.0014  0.0000  0.0000  0.0000  0.0000  0.0000
  -2  0  2  2  0       14.569     -0.0060   0.0000     0.0002  0.0000  0.0000  0.0000  0.0000  0.0000
   2 -1  0  0  1       14.348      0.0035   0.0000    -0.0018  0.0000  0.0000  0.0000  0.0000  0.0000
  -2  1  2  2  2       14.068     -0.0027   0.0000     0.0011  0.0000  0.0000  0.0000  0.0000  0.0000
   1  1  0  1  0       13.719      0.0047   0.0000    -0.0001  0.0000  0.0000  0.0000  0.0000  0.0000
   0  1  4 -2  2       12.238      0.0036   0.0000    -0.0015  0.0000  0.0000  0.0000  0.0000  0.0000
  -1  1  0 -2  1       -9.859     -0.0036   0.0000     0.0020  0.0000  0.0000  0.0000  0.0000  0.0000
   0  0  0 -4  1       -7.375     -0.0035   0.0000     0.0019  0.0000  0.0000  0.0000  0.0000  0.0000
   1 -1  0  2  1        9.888     -0.0037   0.0000     0.0019  0.0000  0.0000  0.0000  0.0000  0.0000
   1  1  0  2  1        9.380      0.0032   0.0000    -0.0016  0.0000  0.0000  0.0000  0.0000  0.0000
  -1  2  2  2  2        9.082      0.0035   0.0000    -0.0014  0.0000  0.0000  0.0000  0.0000  0.0000
   3  1  2 -2  2        8.541      0.0032   0.0000    -0.0013  0.0000  0.0000  0.0000  0.0000  0.0000
   0 -1  0  4  0        7.535      0.0065   0.0000    -0.0002  0.0000  0.0000  0.0000  0.0000  0.0000
   2 -1  0  2  0        7.269      0.0047   0.0000    -0.0001  0.0000  0.0000  0.0000  0.0000  0.0000
   0  0  4  0  1        6.810      0.0032   0.0000    -0.0016  0.0000  0.0000  0.0000  0.0000  0.0000
   2  0  4 -2  2        6.598      0.0037   0.0000    -0.0016  0.0000  0.0000  0.0000  0.0000  0.0000
  -1 -1  2  4  1        5.890     -0.0030   0.0000     0.0015  0.0000  0.0000  0.0000  0.0000  0.0000
   1  0  0  4  1        5.828     -0.0032   0.0000     0.0016  0.0000  0.0000  0.0000  0.0000  0.0000
   1 -2  2  2  2        5.823     -0.0031   0.0000     0.0013  0.0000  0.0000  0.0000  0.0000  0.0000
   0  0  2  3  2        5.721      0.0037   0.0000    -0.0016  0.0000  0.0000  0.0000  0.0000  0.0000
  -1  1  2  4  2        5.711      0.0031   0.0000    -0.0013  0.0000  0.0000  0.0000  0.0000  0.0000
   3  0  0  2  0        5.662      0.0049   0.0000    -0.0002  0.0000  0.0000  0.0000  0.0000  0.0000
  -1  0  4  2  2        5.614      0.0032   0.0000    -0.0013  0.0000  0.0000  0.0000  0.0000  0.0000
   1  1  2  2  1        5.552      0.0023   0.0000    -0.0012  0.0000  0.0000  0.0000  0.0000  0.0000
  -2  0  2  6  2        4.907     -0.0043   0.0000     0.0018  0.0000  0.0000  0.0000  0.0000  0.0000
   2  1  2  2  2        4.624      0.0026   0.0000    -0.0011  0.0000  0.0000  0.0000  0.0000  0.0000
  -1  0  2  6  2        4.165     -0.0032   0.0000     0.0014  0.0000  0.0000  0.0000  0.0000  0.0000
   1  0  2  4  1        4.080     -0.0029   0.0000     0.0014  0.0000  0.0000  0.0000  0.0000  0.0000
   2  0  2  4  2        3.556     -0.0027   0.0000     0.0012  0.0000  0.0000  0.0000  0.0000  0.0000
   1  1 -2  1  0    -1656.253      0.0030   0.0000     0.0000  0.0000  0.0000  0.0000  0.0000  0.0000
  -3  1  2  1  2     1077.317     -0.0011   0.0000     0.0005  0.0000  0.0000  0.0000  0.0000  0.0000
   2  0 -2  0  2     -828.306     -0.0021   0.0000     0.0010  0.0000  0.0000  0.0000  0.0000  0.0000
  -1  0  0  1  2     -367.290     -0.0034   0.0000     0.0015  0.0000  0.0000  0.0000  0.0000  0.0000
  -4  0  2  2  1     -244.445     -0.0010   0.0000     0.0006  0.0000  0.0000  0.0000  0.0000  0.0000
  -1 -1  0  1  0     -193.565     -0.0036   0.0000     0.0000  0.0000  0.0000  0.0000  0.0000  0.0000
   0  0 -2  2  2     -164.902     -0.0009   0.0000     0.0004  0.0000  0.0000  0.0000  0.0000  0.0000
   1  0  0 -1  2      468.545     -0.0012   0.0000     0.0005  0.0000  0.0000  0.0000  0.0000  0.0000
   0 -1  2 -2  3      385.959     -0.0021   0.0000     0.0005  0.0000  0.0000  0.0000  0.0000  0.0000
  -2  1  2  0  0      273.907     -0.0029   0.0000    -0.0001  0.0000  0.0000  0.0000  0.0000  0.0000
   0  0  2 -2  4      192.989     -0.0015   0.0000     0.0003  0.0000  0.0000  0.0000  0.0000  0.0000
  -2 -2  0  2  0      -96.782     -0.0020   0.0000     0.0000  0.0000  0.0000  0.0000  0.0000  0.0000
  -2  0 -2  4  0      -94.101      0.0028   0.0000     0.0000  0.0000  0.0000  0.0000 -0.0002  0.0000
   0 -2 -2  2  0      -88.924      0.0017   0.0000     0.0000  0.0000  0.0000  0.0000  0.0000  0.0000
   1  2  0 -2  1      -38.305     -0.0022   0.0000     0.0012  0.0000  0.0000  0.0000  0.0000  0.0000
   3  0  0 -4  1      -37.418     -0.0014   0.0000     0.0007  0.0000  0.0000  0.0000  0.0000  0.0000
  -1  1  2 -2  2      -35.615      0.0024   0.0000    -0.0011  0.0000  0.0000  0.0000  0.0000  0.0000
   1 -1  2 -4  1      -35.027      0.0011   0.0000    -0.0006  0.0000  0.0000  0.0000  0.0000  0.0000
   1  1  0 -2  2      -34.493      0.0014   0.0000    -0.0006  0.0000  0.0000  0.0000  0.0000  0.0000
  -3  0  2  0  0      -28.266      0.0024   0.0000     0.0000  0.0000  0.0000  0.0000  0.0000  0.0000
  -3  0  2  0  2      -28.033      0.0018   0.0000    -0.0008  0.0000  0.0000  0.0000  0.0000  0.0000
  -2  0  0  1  0      -25.826     -0.0038   0.0000     0.0000  0.0000  0.0000  0.0000  0.0000  0.0000
   0  0 -2  1  0      -25.231     -0.0031   0.0000     0.0000  0.0000  0.0000  0.0000  0.0000  0.0000
  -3  0  0  2  1      -24.216     -0.0016   0.0000     0.0008  0.0000  0.0000  0.0000  0.0000  0.0000
  -1 -1 -2  2  0      -22.322      0.0029   0.0000     0.0000  0.0000  0.0000  0.0000  0.0000  0.0000
   0  1  2 -4  1      -16.845     -0.0018   0.0000     0.0010  0.0000  0.0000  0.0000  0.0000  0.0000
   2  1  0 -4  1      -16.590     -0.0010   0.0000     0.0005  0.0000  0.0000  0.0000  0.0000  0.0000
   0  2  0 -2  1      -16.026     -0.0017   0.0000     0.0010  0.0000  0.0000  0.0000  0.0000  0.0000
   1  0  0 -3  1      -15.280      0.0009   0.0000    -0.0004  0.0000  0.0000  0.0000  0.0000  0.0000
  -2  0  2 -2  2      -14.901      0.0016   0.0000    -0.0006  0.0000  0.0000  0.0000  0.0000  0.0000
  -2 -1  0  0  1      -13.251      0.0022   0.0000    -0.0012  0.0000  0.0000  0.0000  0.0000  0.0000
  -4  0  0  2  0      -12.913      0.0020   0.0000     0.0000  0.0000  0.0000  0.0000  0.0000  0.0000
   1  1  0 -4  1      -10.355     -0.0013   0.0000     0.0006  0.0000  0.0000  0.0000  0.0000  0.0000
  -1  0  2 -4  1      -10.163     -0.0017   0.0000     0.0009  0.0000  0.0000  0.0000  0.0000  0.0000
   0  0  4 -4  1       87.774     -0.0014   0.0000     0.0008  0.0000  0.0000  0.0000  0.0000  0.0000
   0  3  2 -2  2       73.051      0.0000   0.0000    -0.0007  0.0000  0.0000  0.0000  0.0000  0.0000
  -3 -1  0  4  0       41.946      0.0014   0.0000     0.0000  0.0000  0.0000  0.0000  0.0000  0.0000
  -3  0  0  4  1       37.835      0.0019   0.0000    -0.0010  0.0000  0.0000  0.0000  0.0000  0.0000
   1 -1 -2  2  0       35.992     -0.0034   0.0000     0.0000  0.0000  0.0000  0.0000  0.0000  0.0000
  -1 -1  0  2  2       35.208     -0.0020   0.0000     0.0008  0.0000  0.0000  0.0000  0.0000  0.0000
   1 -2  0  0  1       32.606      0.0009   0.0000    -0.0005  0.0000  0.0000  0.0000  0.0000  0.0000
   1 -1  0  0  2       30.066     -0.0018   0.0000     0.0007  0.0000  0.0000  0.0000  0.0000  0.0000
   0  0  0  1  2       29.789      0.0013   0.0000    -0.0006  0.0000  0.0000  0.0000  0.0000  0.0000
  -1 -1  2  0  0       29.013      0.0017   0.0000     0.0000  0.0000  0.0000  0.0000  0.0000  0.0000
   1 -2  2 -2  2       27.554     -0.0012   0.0000     0.0005  0.0000  0.0000  0.0000  0.0000  0.0000
   0 -1  2 -1  1       27.212      0.0015   0.0000    -0.0008  0.0000  0.0000  0.0000  0.0000  0.0000
  -1  0  2  0  3       27.201     -0.0011   0.0000     0.0003  0.0000  0.0000  0.0000  0.0000  0.0000
   1  1  0  0  2       25.816      0.0013   0.0000    -0.0005  0.0000  0.0000  0.0000  0.0000  0.0000
  -1  1  2  0  0       25.036     -0.0018   0.0000     0.0000  0.0000  0.0000  0.0000  0.0000  0.0000
   1  2  0  0  0       23.942     -0.0035   0.0000     0.0000  0.0000  0.0000  0.0000  0.0000  0.0000
  -1  2  2  0  2       23.593      0.0009   0.0000    -0.0004  0.0000  0.0000  0.0000  0.0000  0.0000
  -1  0  4 -2  1       23.349     -0.0019   0.0000     0.0010  0.0000  0.0000  0.0000  0.0000  0.0000
   3  0  2 -4  2       21.448     -0.0026   0.0000     0.0011  0.0000  0.0000  0.0000  0.0000  0.0000
   1  2  2 -2  1       21.101      0.0008   0.0000    -0.0004  0.0000  0.0000  0.0000  0.0000  0.0000
   1  0  4 -4  2       21.036     -0.0010   0.0000     0.0004  0.0000  0.0000  0.0000  0.0000  0.0000
  -2 -1  0  4  1       16.671      0.0010   0.0000    -0.0006  0.0000  0.0000  0.0000  0.0000  0.0000
   0 -1  0  2  2       15.457     -0.0021   0.0000     0.0009  0.0000  0.0000  0.0000  0.0000  0.0000
  -2  1  0  4  0       15.242     -0.0015   0.0000     0.0000  0.0000  0.0000  0.0000  0.0000  0.0000
  -2 -1  2  2  1       15.208      0.0009   0.0000    -0.0005  0.0000  0.0000  0.0000  0.0000  0.0000
   2  0 -2  2  0       14.967     -0.0029   0.0000     0.0000  0.0000  0.0000  0.0000  0.0000  0.0000
   1  0  0  1  1       14.284     -0.0019   0.0000     0.0010  0.0000  0.0000  0.0000  0.0000  0.0000
   0  1  0  2  2       14.251      0.0012   0.0000    -0.0005  0.0000  0.0000  0.0000  0.0000  0.0000
   1 -1  2 -1  2       13.719      0.0022   0.0000    -0.0009  0.0000  0.0000  0.0000  0.0000  0.0000
  -2  0  4  0  1       13.466     -0.0010   0.0000     0.0005  0.0000  0.0000  0.0000  0.0000  0.0000
   2  1  0  0  1       13.302     -0.0020   0.0000     0.0011  0.0000  0.0000  0.0000  0.0000  0.0000
   0  1  2  0  0       13.117     -0.0020   0.0000     0.0000  0.0000  0.0000  0.0000  0.0000  0.0000
   0 -1  4 -2  2       13.117     -0.0017   0.0000     0.0007  0.0000  0.0000  0.0000  0.0000  0.0000
   0  0  4 -2  4       12.710      0.0015   0.0000    -0.0003  0.0000  0.0000  0.0000  0.0000  0.0000
   0  2  2  0  1       12.686      0.0008   0.0000    -0.0004  0.0000  0.0000  0.0000  0.0000  0.0000
  -3  0  0  6  0       10.604      0.0014   0.0000     0.0000  0.0000  0.0000  0.0000  0.0000  0.0000
  -1 -1  0  4  1       10.387     -0.0012   0.0000     0.0006  0.0000  0.0000  0.0000  0.0000  0.0000
   1 -2  0  2  0       10.148      0.0025   0.0000     0.0000  0.0000  0.0000  0.0000  0.0000  0.0000
  -1  0  0  4  2       10.115     -0.0013   0.0000     0.0006  0.0000  0.0000  0.0000  0.0000  0.0000
  -1 -2  2  2  1       10.070     -0.0014   0.0000     0.0008  0.0000  0.0000  0.0000  0.0000  0.0000
  -1  0  0 -2  2       -9.587      0.0013   0.0000    -0.0005  0.0000  0.0000  0.0000  0.0000  0.0000
   1  0 -2 -2  1       -9.517     -0.0017   0.0000     0.0009  0.0000  0.0000  0.0000  0.0000  0.0000
   0  0 -2 -2  1       -7.074     -0.0012   0.0000     0.0006  0.0000  0.0000  0.0000  0.0000  0.0000
  -2  0 -2  0  1       -6.839     -0.0010   0.0000     0.0005  0.0000  0.0000  0.0000  0.0000  0.0000
   0  0  0  3  1        9.858      0.0010   0.0000    -0.0006  0.0000  0.0000  0.0000  0.0000  0.0000
   0  0  0  3  0        9.844     -0.0015   0.0000     0.0000  0.0000  0.0000  0.0000  0.0000  0.0000
  -1  1  0  4  0        9.814     -0.0022   0.0000     0.0000  0.0000  0.0000  0.0000  0.0000  0.0000
  -1 -1  2  2  0        9.785      0.0028   0.0000    -0.0001  0.0000  0.0000  0.0000  0.0000  0.0000
  -2  0  2  3  2        9.784      0.0015   0.0000    -0.0007  0.0000  0.0000  0.0000  0.0000  0.0000
   1  0  0  2  2        9.641      0.0023   0.0000    -0.0010  0.0000  0.0000  0.0000  0.0000  0.0000
   0 -1  2  1  2        9.585      0.0012   0.0000    -0.0005  0.0000  0.0000  0.0000  0.0000  0.0000
   3 -1  0  0  0        9.422      0.0029   0.0000    -0.0001  0.0000  0.0000  0.0000  0.0000  0.0000
   2  0  0  1  0        9.394     -0.0025   0.0000     0.0001  0.0000  0.0000  0.0000  0.0000  0.0000
   1 -1  2  0  0        9.341      0.0022   0.0000     0.0000  0.0000  0.0000  0.0000  0.0000  0.0000
   0  0  2  1  0        9.314     -0.0018   0.0000     0.0000  0.0000  0.0000  0.0000  0.0000  0.0000
   1  0  2  0  3        9.145      0.0015   0.0000     0.0003  0.0000  0.0000  0.0000  0.0000  0.0000
   3  1  0  0  0        8.960     -0.0023   0.0000     0.0000  0.0000  0.0000  0.0000  0.0000  0.0000
   3 -1  2 -2  2        8.960      0.0012   0.0000    -0.0005  0.0000  0.0000  0.0000  0.0000  0.0000
   2  0  2 -1  1        8.923     -0.0008   0.0000     0.0004  0.0000  0.0000  0.0000  0.0000  0.0000
   1  1  2  0  0        8.887     -0.0019   0.0000     0.0000  0.0000  0.0000  0.0000  0.0000  0.0000
   0  0  4 -1  2        8.862     -0.0010   0.0000     0.0004  0.0000  0.0000  0.0000  0.0000  0.0000
   1  2  2  0  2        8.698      0.0021   0.0000    -0.0009  0.0000  0.0000  0.0000  0.0000  0.0000
  -2  0  0  6  0        7.657      0.0023   0.0000    -0.0001  0.0000  0.0000  0.0000  0.0000  0.0000
   0 -1  0  4  1        7.543     -0.0016   0.0000     0.0008  0.0000  0.0000  0.0000  0.0000  0.0000
  -2 -1  2  4  1        7.492     -0.0019   0.0000     0.0009  0.0000  0.0000  0.0000  0.0000  0.0000
   0 -2  2  2  1        7.375     -0.0022   0.0000     0.0010  0.0000  0.0000  0.0000  0.0000  0.0000
   0 -1  2  2  0        7.221      0.0027   0.0000    -0.0001  0.0000  0.0000  0.0000  0.0000  0.0000
  -1  0  2  3  1        7.213      0.0016   0.0000    -0.0008  0.0000  0.0000  0.0000  0.0000  0.0000
  -2  1  2  4  2        7.204      0.0019   0.0000    -0.0008  0.0000  0.0000  0.0000  0.0000  0.0000
   2  0  0  2  2        7.142      0.0009   0.0000    -0.0004  0.0000  0.0000  0.0000  0.0000  0.0000
   2 -2  2  0  2        7.127     -0.0009   0.0000     0.0004  0.0000  0.0000  0.0000  0.0000  0.0000
  -1  1  2  3  2        7.080     -0.0009   0.0000     0.0004  0.0000  0.0000  0.0000  0.0000  0.0000
   3  0  2 -1  2        6.747     -0.0008   0.0000     0.0004  0.0000  0.0000  0.0000  0.0000  0.0000
   4  0  2 -2  1        6.632      0.0018   0.0000    -0.0009  0.0000  0.0000  0.0000  0.0000  0.0000
  -1  0  0  6  0        5.992      0.0016   0.0000    -0.0001  0.0000  0.0000  0.0000  0.0000  0.0000
  -1 -2  2  4  2        5.992     -0.0010   0.0000     0.0004  0.0000  0.0000  0.0000  0.0000  0.0000
  -3  0  2  6  2        5.970     -0.0023   0.0000     0.0009  0.0000  0.0000  0.0000  0.0000  0.0000
  -1  0  2  4  0        5.792      0.0016   0.0000    -0.0001  0.0000  0.0000  0.0000  0.0000  0.0000
   3  0  0  2  1        5.667     -0.0012   0.0000     0.0006  0.0000  0.0000  0.0000  0.0000  0.0000
   3 -1  2  0  1        5.571     -0.0008   0.0000     0.0004  0.0000  0.0000  0.0000  0.0000  0.0000
   3  0  2  0  0        5.483      0.0030   0.0000    -0.0002  0.0000  0.0000  0.0000  0.0000  0.0000
   1  0  4  0  2        5.465      0.0024   0.0000    -0.0010  0.0000  0.0000  0.0000  0.0000  0.0000
   5  0  2 -2  2        5.349      0.0010   0.0000    -0.0004  0.0000  0.0000  0.0000  0.0000  0.0000
   0 -1  2  4  1        4.853     -0.0016   0.0000     0.0007  0.0000  0.0000  0.0000  0.0000  0.0000
   2 -1  2  2  1        4.741     -0.0016   0.0000     0.0007  0.0000  0.0000  0.0000  0.0000  0.0000
   0  1  2  4  2        4.731      0.0017   0.0000    -0.0007  0.0000  0.0000  0.0000  0.0000  0.0000
   1 -1  2  4  2        4.129     -0.0024   0.0000     0.0010  0.0000  0.0000  0.0000  0.0000  0.0000
   3 -1  2  2  2        4.048     -0.0012   0.0000     0.0005  0.0000  0.0000  0.0000  0.0000  0.0000
   3  0  2  2  1        4.001     -0.0024   0.0000     0.0011  0.0000  0.0000  0.0000  0.0000  0.0000
   5  0  2  0  2        3.927     -0.0023   0.0000     0.0009  0.0000  0.0000  0.0000  0.0000  0.0000
   0  0  2  6  2        3.618     -0.0013   0.0000     0.0005  0.0000  0.0000  0.0000  0.0000  0.0000
   4  0  2  2  2        3.495     -0.0015   0.0000     0.0007  0.0000  0.0000  0.0000  0.0000  0.0000
   0 -1  1 -1  1  7647178.674      0.0000   0.0000     0.0000  0.0000 -0.1988  0.0000 -0.1679  0.0000
  -1  0  1  0  3    65502.278      0.0000   0.0000     0.0000  0.0000 -0.0063  0.0000 -0.0027  0.0000
   0 -2  2 -2  3    -6810.493     -0.0004   0.0000     0.0000  0.0000  0.0000  0.0000  0.0000  0.0000
   1  0 -1  0  1    -1656.612      0.0000   0.0000     0.0000  0.0000  0.0005  0.0000  0.0004  0.0000
   2 -2  0 -2  1    -1305.925      0.0005   0.0000    -0.0003  0.0000  0.0000  0.0000  0.0000  0.0000
  -1  0  1  0  2     6159.136      0.0000   0.0000     0.0000  0.0000  0.0364  0.0000  0.0176  0.0000
  -1  0  1  0  1     3231.496      0.0000   0.0000     0.0000  0.0000 -0.1044  0.0000 -0.0891  0.0000
  -1 -1  2 -1  2     3230.131     -0.0003   0.0000     0.0001  0.0000  0.0000  0.0000  0.0000  0.0000
  -2  2  0  2  2     3082.050      0.0004   0.0000    -0.0002  0.0000  0.0000  0.0000  0.0000  0.0000
  -1  0  1  0  0     2190.350      0.0000   0.0000     0.0000  0.0000  0.0330  0.0000  0.0000  0.0000
  -4  1  2  2  2     -666.567      0.0005   0.0000    -0.0002  0.0000  0.0000  0.0000  0.0000  0.0000
  -3  0  2  1  1     -601.521      0.0003   0.0000    -0.0002  0.0000  0.0000  0.0000  0.0000  0.0000
  -2 -1  2  0  2     -471.950     -0.0003   0.0000     0.0001  0.0000  0.0000  0.0000  0.0000  0.0000
   1  0 -2  1  1     -286.644     -0.0005   0.0000     0.0002  0.0000  0.0000  0.0000  0.0000  0.0000
   2 -1 -2  0  1     -263.299      0.0003   0.0000    -0.0001  0.0000  0.0000  0.0000  0.0000  0.0000
  -4  0  2  2  0     -253.562      0.0003   0.0000     0.0000  0.0000  0.0000  0.0000  0.0000  0.0000
  -3  1  0  3  0     -219.897      0.0003   0.0000     0.0000  0.0000  0.0000  0.0000  0.0000  0.0000
  -1  0 -1  2  0     -188.201      0.0000   0.0000     0.0000  0.0000  0.0005  0.0000  0.0000  0.0000
   0 -2  0  0  2     -173.318      0.0000   0.0000     0.0001  0.0000  0.0000  0.0000  0.0000  0.0000
   0 -2  0  0  2     -173.318      0.0004   0.0000    -0.0002  0.0000  0.0000  0.0000  0.0000  0.0000
  -3  0  0  3  0     -137.261      0.0006   0.0000     0.0000  0.0000  0.0000  0.0000  0.0000  0.0000
  -2 -1  0  2  2     -126.761      0.0005   0.0000    -0.0002  0.0000  0.0000  0.0000  0.0000  0.0000
  -1  0 -2  3  0     -121.974     -0.0007   0.0000     0.0000  0.0000  0.0000  0.0000  0.0000  0.0000
  -4  0  0  4  0     -102.946     -0.0012   0.0000     0.0000  0.0000  0.0000  0.0000  0.0000  0.0000
   2  1 -2  0  1      596.094      0.0005   0.0000    -0.0003  0.0000  0.0000  0.0000  0.0000  0.0000
   2 -1  0 -2  2      547.962      0.0003   0.0000    -0.0001  0.0000  0.0000  0.0000  0.0000  0.0000
   0  0  1 -1  0      346.620     -0.0005   0.0000     0.0000  0.0000  0.0000  0.0000  0.0000  0.0000
  -1  2  0  1  0      328.181      0.0003   0.0000     0.0000  0.0000  0.0000  0.0000  0.0000  0.0000
  -2  1  2  0  2      297.913     -0.0007   0.0000     0.0003  0.0000  0.0000  0.0000  0.0000  0.0000
   1  1  0 -1  1      199.237      0.0007   0.0000    -0.0004  0.0000  0.0000  0.0000  0.0000  0.0000
   1  0  1 -2  1      193.560      0.0000   0.0000     0.0000  0.0000 -0.0012  0.0000 -0.0010  0.0000
   0  2  0  0  2      192.999      0.0004   0.0000    -0.0002  0.0000  0.0000  0.0000  0.0000  0.0000
   1 -1  2 -3  1      188.197      0.0003   0.0000    -0.0002  0.0000  0.0000  0.0000  0.0000  0.0000
  -1  1  2 -1  1      168.571     -0.0003   0.0000     0.0002  0.0000  0.0000  0.0000  0.0000  0.0000
  -2  0  4 -2  2      156.521     -0.0007   0.0000     0.0003  0.0000  0.0000  0.0000  0.0000  0.0000
  -2  0  4 -2  1      152.999     -0.0004   0.0000     0.0002  0.0000  0.0000  0.0000  0.0000  0.0000
  -2 -2  0  2  1      -95.424     -0.0003   0.0000     0.0001  0.0000  0.0000  0.0000  0.0000  0.0000
  -2  0 -2  4  0      -94.101      0.0000   0.0000     0.0000  0.0000  0.0000  0.0000  0.0000  0.0000
   1  2  2 -4  1      -49.173     -0.0003   0.0000     0.0001  0.0000  0.0000  0.0000  0.0000  0.0000
   1  1  2 -4  2      -43.064      0.0007   0.0000    -0.0003  0.0000  0.0000  0.0000  0.0000  0.0000
  -1  2  2 -2  1      -39.693     -0.0004   0.0000     0.0002  0.0000  0.0000  0.0000  0.0000  0.0000
   2  0  0 -3  1      -34.301      0.0004   0.0000    -0.0002  0.0000  0.0000  0.0000  0.0000  0.0000
  -1  2  0  0  1      -32.296     -0.0005   0.0000     0.0003  0.0000  0.0000  0.0000  0.0000  0.0000
   0  0  0 -2  0      -14.765      0.0005   0.0000     0.0000  0.0000  0.0000  0.0000  0.0000  0.0000
  -1 -1  2 -2  2      -29.803     -0.0005   0.0000     0.0002  0.0000  0.0000  0.0000  0.0000  0.0000
  -1  1  0  0  2      -29.544      0.0005   0.0000    -0.0002  0.0000  0.0000  0.0000  0.0000  0.0000
   0  0  0 -1  2      -29.276     -0.0008   0.0000     0.0003  0.0000  0.0000  0.0000  0.0000  0.0000
  -2  1  0  1  0      -27.791      0.0009   0.0000     0.0000  0.0000  0.0000  0.0000  0.0000  0.0000
   1 -2  0 -2  1      -26.985      0.0006   0.0000    -0.0003  0.0000  0.0000  0.0000  0.0000  0.0000
   1  0 -2  0  2      -26.667     -0.0005   0.0000     0.0002  0.0000  0.0000  0.0000  0.0000  0.0000
  -3  1  0  2  0      -26.034      0.0003   0.0000     0.0000  0.0000  0.0000  0.0000  0.0000  0.0000
  -1  1 -2  2  0      -25.430     -0.0007   0.0000     0.0000  0.0000  0.0000  0.0000  0.0000  0.0000
  -1 -1  0  0  2      -25.430     -0.0003   0.0000     0.0001  0.0000  0.0000  0.0000  0.0000  0.0000
  -3  0  0  2  0      -24.302      0.0005   0.0000     0.0000  0.0000  0.0000  0.0000  0.0000  0.0000
  -3 -1  0  2  0      -22.786      0.0003   0.0000     0.0000  0.0000  0.0000  0.0000  0.0000  0.0000
   2  0  2 -6  1      -17.468     -0.0003   0.0000     0.0002  0.0000  0.0000  0.0000  0.0000  0.0000
   0  1  2 -4  2      -16.803      0.0004   0.0000    -0.0002  0.0000  0.0000  0.0000  0.0000  0.0000
   2  0  0 -4  2      -15.832      0.0003   0.0000    -0.0001  0.0000  0.0000  0.0000  0.0000  0.0000
  -2  1  2 -2  1      -15.571     -0.0005   0.0000     0.0002  0.0000  0.0000  0.0000  0.0000  0.0000
   0 -1  2 -4  1      -15.422      0.0004   0.0000    -0.0002  0.0000  0.0000  0.0000  0.0000  0.0000
   0  1  0 -2  2      -15.318      0.0009   0.0000    -0.0003  0.0000  0.0000  0.0000  0.0000  0.0000
  -1  0  0 -2  0       -9.614      0.0004   0.0000     0.0000  0.0000  0.0000  0.0000  0.0000  0.0000
   2  0 -2 -2  1      -14.538      0.0004   0.0000    -0.0002  0.0000  0.0000  0.0000  0.0000  0.0000
  -4  0  2  0  1      -13.924     -0.0003   0.0000     0.0002  0.0000  0.0000  0.0000  0.0000  0.0000
  -1 -1  0 -1  1      -13.691     -0.0004   0.0000     0.0002  0.0000  0.0000  0.0000  0.0000  0.0000
   0  0 -2  0  2      -13.552      0.0009   0.0000    -0.0003  0.0000  0.0000  0.0000  0.0000  0.0000
  -3  0  0  1  0      -13.331     -0.0004   0.0000     0.0000  0.0000  0.0000  0.0000  0.0000  0.0000
  -1  0 -2  1  0      -13.171     -0.0004   0.0000     0.0000  0.0000  0.0000  0.0000  0.0000  0.0000
  -2  0 -2  2  1      -12.739      0.0003   0.0000    -0.0002  0.0000  0.0000  0.0000  0.0000  0.0000
   0  0 -4  2  0      -12.616      0.0008   0.0000     0.0000  0.0000  0.0000  0.0000  0.0000  0.0000
  -2 -1 -2  2  0      -12.332      0.0003   0.0000     0.0000  0.0000  0.0000  0.0000  0.0000  0.0000
   1  0  2 -6  1      -10.691     -0.0003   0.0000     0.0002  0.0000  0.0000  0.0000  0.0000  0.0000
  -1  0  2 -4  2      -10.148      0.0003   0.0000    -0.0001  0.0000  0.0000  0.0000  0.0000  0.0000
   1  0  0 -4  2      -10.055      0.0003   0.0000    -0.0001  0.0000  0.0000  0.0000  0.0000  0.0000
   2  1  2 -4  2       76.508     -0.0003   0.0000     0.0001  0.0000  0.0000  0.0000  0.0000  0.0000
   2  1  2 -4  1       75.657      0.0006   0.0000    -0.0003  0.0000  0.0000  0.0000  0.0000  0.0000
   0  1  4 -4  4       73.049      0.0003   0.0000     0.0000  0.0000  0.0000  0.0000  0.0000  0.0000
   0  1  4 -4  2       71.512     -0.0003   0.0000     0.0001  0.0000  0.0000  0.0000  0.0000  0.0000
  -1 -1 -2  4  0       43.617     -0.0007   0.0000     0.0000  0.0000  0.0000  0.0000  0.0000  0.0000
  -1 -3  0  2  0       43.064      0.0009   0.0000     0.0000  0.0000  0.0000  0.0000  0.0000  0.0000
  -1  0 -2  4  1       39.189     -0.0003   0.0000     0.0002  0.0000  0.0000  0.0000  0.0000  0.0000
  -2 -1  0  3  0       38.068     -0.0003   0.0000     0.0000  0.0000  0.0000  0.0000  0.0000  0.0000
   0  0 -2  3  0       35.596     -0.0004   0.0000     0.0000  0.0000  0.0000  0.0000  0.0000  0.0000
  -2  0  0  3  1       34.651     -0.0005   0.0000     0.0003  0.0000  0.0000  0.0000  0.0000  0.0000
   0 -1  0  1  0       32.128     -0.0013   0.0000     0.0000  0.0000  0.0000  0.0000  0.0000  0.0000
  -3  0  2  2  0       30.914     -0.0007   0.0000     0.0000  0.0000  0.0000  0.0000  0.0000  0.0000
   1  1 -2  2  0       30.067      0.0010   0.0000     0.0000  0.0000  0.0000  0.0000  0.0000  0.0000
  -1  1  0  2  2       29.517      0.0003   0.0000    -0.0001  0.0000  0.0000  0.0000  0.0000  0.0000
   1 -2  2 -2  1       27.443      0.0010   0.0000     0.0006  0.0000  0.0013  0.0000 -0.0005  0.0000
   0  0  1  0  2       27.432      0.0000   0.0000     0.0000  0.0000  0.0030  0.0000  0.0014  0.0000
   0  0  1  0  1       27.322      0.0000   0.0000     0.0000  0.0000 -0.0162  0.0000 -0.0138  0.0000
   0  0  1  0  0       27.212      0.0000   0.0000     0.0000  0.0000  0.0075  0.0000  0.0000  0.0000
  -1  2  0  2  1       27.201     -0.0007   0.0000     0.0004  0.0000  0.0000  0.0000  0.0000  0.0000
   0  0  2  0  2       13.661     -0.0004   0.0000     0.0002  0.0000  0.0000  0.0000  0.0000  0.0000
  -2  0  2  0  2     1615.748      0.0004   0.0000    -0.0002  0.0000  0.0000  0.0000  0.0000  0.0000
   2  0  0 -1  1       25.925      0.0005   0.0000    -0.0002  0.0000  0.0000  0.0000  0.0000  0.0000
   3  0  0 -2  1       24.389      0.0005   0.0000    -0.0003  0.0000  0.0000  0.0000  0.0000  0.0000
   1  0  2 -2  3       24.027     -0.0003   0.0000     0.0000  0.0000  0.0000  0.0000  0.0000  0.0000
   1  2  0  0  1       24.027     -0.0003   0.0000     0.0002  0.0000  0.0000  0.0000  0.0000  0.0000
   2  0  2 -3  2       22.627     -0.0004   0.0000     0.0002  0.0000  0.0000  0.0000  0.0000  0.0000
  -1  1  4 -2  2       22.018     -0.0005   0.0000     0.0002  0.0000  0.0000  0.0000  0.0000  0.0000
  -2 -2  0  4  0       17.423      0.0006   0.0000     0.0000  0.0000  0.0000  0.0000  0.0000  0.0000
   0 -3  0  2  0       16.803      0.0009   0.0000     0.0000  0.0000  0.0000  0.0000  0.0000  0.0000
   0  0 -2  4  0       16.140      0.0005   0.0000     0.0000  0.0000  0.0000  0.0000  0.0000  0.0000
  -1 -1  0  3  0       15.985     -0.0007   0.0000     0.0000  0.0000  0.0000  0.0000  0.0000  0.0000
  -2  0  0  4  2       15.981     -0.0003   0.0000     0.0001  0.0000  0.0000  0.0000  0.0000  0.0000
  -1  0  0  3  1       15.349     -0.0004   0.0000     0.0002  0.0000  0.0000  0.0000  0.0000  0.0000
   2 -2  0  0  0       14.901      0.0007   0.0000     0.0000  0.0000  0.0000  0.0000  0.0000  0.0000
   1 -1  0  1  0       14.833     -0.0004   0.0000     0.0000  0.0000  0.0000  0.0000  0.0000  0.0000
  -1  0  0  2  0       31.812      0.0004   0.0000     0.0000  0.0000  0.0000  0.0000  0.0000  0.0000
   0 -2  2  0  1       14.733     -0.0006   0.0000     0.0003  0.0000 -0.0003  0.0000  0.0001  0.0000
  -1  0  1  2  1       14.698      0.0000   0.0000     0.0000  0.0000 -0.0003  0.0000 -0.0002  0.0000
  -1  1  0  3  0       14.698      0.0011   0.0000     0.0000  0.0000  0.0000  0.0000  0.0000  0.0000
  -1 -1  2  1  2       14.698      0.0003   0.0000    -0.0001  0.0000  0.0000  0.0000  0.0000  0.0000
   0 -1  2  0  0       14.133      0.0011   0.0000     0.0000  0.0000  0.0000  0.0000  0.0000  0.0000
  -2  1  2  2  1       14.039     -0.0003   0.0000     0.0002  0.0000  0.0000  0.0000  0.0000  0.0000
   2 -2  2 -2  2       13.777     -0.0001   0.0000     0.0003  0.0000  0.0003  0.0000 -0.0001  0.0000
   1  1  0  1  1       13.747      0.0004   0.0000    -0.0002  0.0000  0.0000  0.0000  0.0000  0.0000
   1  0  1  0  1       13.719      0.0000   0.0000     0.0000  0.0000 -0.0013  0.0000 -0.0011  0.0000
   1  0  1  0  0       13.691      0.0003   0.0000     0.0000  0.0000  0.0006  0.0000  0.0000  0.0000
   0  2  0  2  0       13.661     -0.0007   0.0000     0.0000  0.0000  0.0000  0.0000  0.0000  0.0000
   2 -1  2 -2  1       13.251      0.0005   0.0000    -0.0003  0.0000  0.0000  0.0000  0.0000  0.0000
   0 -1  4 -2  1       13.092     -0.0003   0.0000     0.0001  0.0000  0.0000  0.0000  0.0000  0.0000
   0  0  4 -2  3       12.686      0.0003   0.0000     0.0000  0.0000  0.0000  0.0000  0.0000  0.0000
   0  1  4 -2  1       12.216      0.0005   0.0000    -0.0003  0.0000  0.0000  0.0000  0.0000  0.0000
   4  0  2 -4  2       12.060     -0.0007   0.0000     0.0003  0.0000  0.0000  0.0000  0.0000  0.0000
   2  2  2 -2  2       11.971      0.0008   0.0000    -0.0003  0.0000  0.0000  0.0000  0.0000  0.0000
   2  0  4 -4  2       11.929     -0.0004   0.0000     0.0002  0.0000  0.0000  0.0000  0.0000  0.0000
  -1 -2  0  4  0       10.674      0.0011   0.0000     0.0000  0.0000  0.0000  0.0000  0.0000  0.0000
  -1 -3  2  2  2       10.371     -0.0003   0.0000     0.0001  0.0000  0.0000  0.0000  0.0000  0.0000
  -3  0  2  4  2       10.022      0.0003   0.0000    -0.0001  0.0000  0.0000  0.0000  0.0000  0.0000
  -3  0  2 -2  1       -9.685     -0.0004   0.0000     0.0002  0.0000  0.0000  0.0000  0.0000  0.0000
  -1 -1  0 -2  1       -9.354      0.0008   0.0000    -0.0004  0.0000  0.0000  0.0000  0.0000  0.0000
  -3  0  0  0  2       -9.160      0.0003   0.0000    -0.0001  0.0000  0.0000  0.0000  0.0000  0.0000
  -3  0 -2  2  0       -8.723      0.0011   0.0000     0.0000  0.0000  0.0000  0.0000  0.0000  0.0000
   0  1  0 -4  1       -7.527     -0.0006   0.0000     0.0003  0.0000  0.0000  0.0000  0.0000  0.0000
  -2  1  0 -2  1       -7.261     -0.0004   0.0000     0.0002  0.0000  0.0000  0.0000  0.0000  0.0000
  -4  0  0  0  1       -6.882     -0.0008   0.0000     0.0004  0.0000  0.0000  0.0000  0.0000  0.0000
  -1  0  0 -4  1       -5.818     -0.0007   0.0000     0.0003  0.0000  0.0000  0.0000  0.0000  0.0000
  -3  0  0 -2  1       -5.658     -0.0004   0.0000     0.0002  0.0000  0.0000  0.0000  0.0000  0.0000
   0  0  0  3  2        9.872      0.0003   0.0000    -0.0001  0.0000  0.0000  0.0000  0.0000  0.0000
  -1  1  0  4  1        9.828      0.0006   0.0000    -0.0003  0.0000  0.0000  0.0000  0.0000  0.0000
   1 -2  2  0  1        9.600     -0.0006   0.0000     0.0003  0.0000  0.0000  0.0000  0.0000  0.0000
   0  1  0  3  0        9.585      0.0006   0.0000     0.0000  0.0000  0.0000  0.0000  0.0000  0.0000
  -1  0  2  2  3        9.570      0.0006   0.0000    -0.0001  0.0000  0.0000  0.0000  0.0000  0.0000
   0  0  2  2  2        7.096      0.0005   0.0000    -0.0002  0.0000  0.0000  0.0000  0.0000  0.0000
  -2  0  2  2  2       14.632     -0.0005   0.0000     0.0002  0.0000  0.0000  0.0000  0.0000  0.0000
  -1  1  2  2  0        9.288     -0.0004   0.0000     0.0000  0.0000  0.0000  0.0000  0.0000  0.0000
   3  0  0  0  2        9.210     -0.0004   0.0000     0.0002  0.0000  0.0000  0.0000  0.0000  0.0000
   2  1  0  1  0        9.159      0.0004   0.0000     0.0000  0.0000  0.0000  0.0000  0.0000  0.0000
   2 -1  2 -1  2        9.159      0.0006   0.0000    -0.0003  0.0000  0.0000  0.0000  0.0000  0.0000
   0  0  2  0  1       13.633     -0.0004   0.0000     0.0002  0.0000  0.0000  0.0000  0.0000  0.0000
   0  0  3  0  3        9.107      0.0000   0.0000     0.0000  0.0000 -0.0026  0.0000 -0.0011  0.0000
   0  0  3  0  2        9.095      0.0000   0.0000     0.0000  0.0000 -0.0010  0.0000 -0.0005  0.0000
  -1  2  2  2  1        9.070      0.0005   0.0000    -0.0003  0.0000  0.0000  0.0000  0.0000  0.0000
  -1  0  4  0  0        9.033     -0.0013   0.0000     0.0000  0.0000  0.0000  0.0000  0.0000  0.0000
   1  2  2  0  1        8.687      0.0003   0.0000    -0.0002  0.0000  0.0000  0.0000  0.0000  0.0000
   3  1  2 -2  1        8.530      0.0004   0.0000    -0.0002  0.0000  0.0000  0.0000  0.0000  0.0000
   1  1  4 -2  2        8.474      0.0007   0.0000    -0.0003  0.0000  0.0000  0.0000  0.0000  0.0000
  -2 -1  0  6  0        7.821      0.0004   0.0000     0.0000  0.0000  0.0000  0.0000  0.0000  0.0000
   0 -2  0  4  0        7.694      0.0005   0.0000     0.0000  0.0000  0.0000  0.0000  0.0000  0.0000
  -2  0  0  6  1        7.666     -0.0003   0.0000     0.0002  0.0000  0.0000  0.0000  0.0000  0.0000
  -2 -2  2  4  2        7.657     -0.0006   0.0000     0.0002  0.0000  0.0000  0.0000  0.0000  0.0000
   0 -3  2  2  2        7.535     -0.0005   0.0000     0.0002  0.0000  0.0000  0.0000  0.0000  0.0000
   0  0  0  4  2        7.399     -0.0007   0.0000     0.0003  0.0000  0.0000  0.0000  0.0000  0.0000
  -1 -1  2  3  2        7.366      0.0005   0.0000    -0.0002  0.0000  0.0000  0.0000  0.0000  0.0000
  -2  0  2  4  0        7.333      0.0013   0.0000     0.0000  0.0000  0.0000  0.0000  0.0000  0.0000
   2 -1  0  2  1        7.277     -0.0004   0.0000     0.0002  0.0000  0.0000  0.0000  0.0000  0.0000
   1  0  0  3  0        7.253     -0.0003   0.0000     0.0000  0.0000  0.0000  0.0000  0.0000  0.0000
   0  1  0  4  1        7.244      0.0005   0.0000    -0.0002  0.0000  0.0000  0.0000  0.0000  0.0000
   0  1  0  4  0        7.236     -0.0011   0.0000     0.0000  0.0000  0.0000  0.0000  0.0000  0.0000
   1 -1  2  1  2        7.111      0.0005   0.0000    -0.0002  0.0000  0.0000  0.0000  0.0000  0.0000
   0  0  2  2  3        7.103      0.0004   0.0000     0.0000  0.0000  0.0000  0.0000  0.0000  0.0000
   1  0  2  2  2        5.643      0.0004   0.0000    -0.0002  0.0000  0.0000  0.0000  0.0000  0.0000
  -1  0  2  2  2        9.557     -0.0004   0.0000     0.0002  0.0000  0.0000  0.0000  0.0000  0.0000
  -2  0  4  2  1        7.043      0.0006   0.0000    -0.0003  0.0000  0.0000  0.0000  0.0000  0.0000
   2  1  0  2  1        6.998      0.0003   0.0000    -0.0002  0.0000  0.0000  0.0000  0.0000  0.0000
   2  1  0  2  0        6.991     -0.0012   0.0000     0.0000  0.0000  0.0000  0.0000  0.0000  0.0000
   2 -1  2  0  0        6.976      0.0004   0.0000     0.0000  0.0000  0.0000  0.0000  0.0000  0.0000
   1  0  2  1  0        6.961     -0.0003   0.0000     0.0000  0.0000  0.0000  0.0000  0.0000  0.0000
   0  1  2  2  0        6.946     -0.0004   0.0000     0.0000  0.0000  0.0000  0.0000  0.0000  0.0000
   2  0  2  0  3        6.866      0.0003   0.0000     0.0000  0.0000  0.0000  0.0000  0.0000  0.0000
   3  0  2  0  2        5.492      0.0003   0.0000    -0.0001  0.0000  0.0000  0.0000  0.0000  0.0000
   1  0  2  0  2        9.133     -0.0003   0.0000     0.0001  0.0000  0.0000  0.0000  0.0000  0.0000
   1  0  3  0  3        6.845      0.0000   0.0000     0.0000  0.0000 -0.0005  0.0000 -0.0002  0.0000
   1  1  2  1  1        6.838     -0.0007   0.0000     0.0004  0.0000  0.0000  0.0000  0.0000  0.0000
   0  2  2  2  2        6.830      0.0006   0.0000    -0.0003  0.0000  0.0000  0.0000  0.0000  0.0000
   2  1  2  0  0        6.720     -0.0003   0.0000     0.0000  0.0000  0.0000  0.0000  0.0000  0.0000
   2  0  4 -2  1        6.592      0.0005   0.0000    -0.0003  0.0000  0.0000  0.0000  0.0000  0.0000
   4  1  2 -2  2        6.520      0.0003   0.0000    -0.0001  0.0000  0.0000  0.0000  0.0000  0.0000
  -1 -1  0  6  0        6.092      0.0003   0.0000     0.0000  0.0000  0.0000  0.0000  0.0000  0.0000
  -3 -1  2  6  2        6.069     -0.0003   0.0000     0.0001  0.0000  0.0000  0.0000  0.0000  0.0000
  -1  0  0  6  1        5.997     -0.0005   0.0000     0.0003  0.0000  0.0000  0.0000  0.0000  0.0000
  -3  0  2  6  1        5.965     -0.0003   0.0000     0.0002  0.0000  0.0000  0.0000  0.0000  0.0000
   1 -1  0  4  1        5.922     -0.0003   0.0000     0.0002  0.0000  0.0000  0.0000  0.0000  0.0000
   1 -1  0  4  0        5.917      0.0012   0.0000     0.0000  0.0000  0.0000  0.0000  0.0000  0.0000
  -2  0  2  5  2        5.885      0.0003   0.0000    -0.0001  0.0000  0.0000  0.0000  0.0000  0.0000
   1 -2  2  2  1        5.818     -0.0004   0.0000     0.0002  0.0000  0.0000  0.0000  0.0000  0.0000
   3 -1  0  2  0        5.752      0.0004   0.0000     0.0000  0.0000  0.0000  0.0000  0.0000  0.0000
   1 -1  2  2  0        5.722      0.0006   0.0000     0.0000  0.0000  0.0000  0.0000  0.0000  0.0000
   0  0  2  3  1        5.716      0.0005   0.0000    -0.0003  0.0000  0.0000  0.0000  0.0000  0.0000
  -1  1  2  4  1        5.706      0.0004   0.0000    -0.0002  0.0000  0.0000  0.0000  0.0000  0.0000
   0  1  2  3  2        5.633     -0.0006   0.0000     0.0003  0.0000  0.0000  0.0000  0.0000  0.0000
  -1  0  4  2  1        5.609      0.0004   0.0000    -0.0002  0.0000  0.0000  0.0000  0.0000  0.0000
   2  0  2  1  1        5.562      0.0006   0.0000    -0.0003  0.0000  0.0000  0.0000  0.0000  0.0000
   5  0  0  0  0        5.511      0.0006   0.0000     0.0000  0.0000  0.0000  0.0000  0.0000  0.0000
   2  1  2  1  2        5.483     -0.0006   0.0000     0.0003  0.0000  0.0000  0.0000  0.0000  0.0000
   1  0  4  0  1        5.460      0.0003   0.0000    -0.0002  0.0000  0.0000  0.0000  0.0000  0.0000
   3  1  2  0  1        5.407      0.0007   0.0000    -0.0004  0.0000  0.0000  0.0000  0.0000  0.0000
   3  0  4 -2  2        5.323      0.0004   0.0000    -0.0002  0.0000  0.0000  0.0000  0.0000  0.0000
  -2 -1  2  6  2        4.974     -0.0005   0.0000     0.0002  0.0000  0.0000  0.0000  0.0000  0.0000
   0  0  0  6  0        4.922      0.0005   0.0000     0.0000  0.0000  0.0000  0.0000  0.0000  0.0000
   0 -2  2  4  2        4.922     -0.0006   0.0000     0.0003  0.0000  0.0000  0.0000  0.0000  0.0000
  -2  0  2  6  1        4.903     -0.0006   0.0000     0.0003  0.0000  0.0000  0.0000  0.0000  0.0000
   2  0  0  4  1        4.810     -0.0004   0.0000     0.0002  0.0000  0.0000  0.0000  0.0000  0.0000
   2  0  0  4  0        4.807      0.0010   0.0000     0.0000  0.0000  0.0000  0.0000  0.0000  0.0000
   2 -2  2  2  2        4.807     -0.0004   0.0000     0.0002  0.0000  0.0000  0.0000  0.0000  0.0000
   0  0  2  4  0        4.786      0.0007   0.0000     0.0000  0.0000  0.0000  0.0000  0.0000  0.0000
   1  0  2  3  2        4.737      0.0007   0.0000    -0.0003  0.0000  0.0000  0.0000  0.0000  0.0000
   4  0  0  2  0        4.697      0.0004   0.0000     0.0000  0.0000  0.0000  0.0000  0.0000  0.0000
   2  0  2  2  0        4.677      0.0011   0.0000     0.0000  0.0000  0.0000  0.0000  0.0000  0.0000
   0  0  4  2  2        4.664      0.0005   0.0000    -0.0002  0.0000  0.0000  0.0000  0.0000  0.0000
   4 -1  2  0  2        4.638     -0.0006   0.0000     0.0002  0.0000  0.0000  0.0000  0.0000  0.0000
   3  0  2  1  2        4.631      0.0004   0.0000    -0.0002  0.0000  0.0000  0.0000  0.0000  0.0000
   2  1  2  2  1        4.621      0.0003   0.0000    -0.0002  0.0000  0.0000  0.0000  0.0000  0.0000
   4  1  2  0  2        4.523      0.0005   0.0000    -0.0002  0.0000  0.0000  0.0000  0.0000  0.0000
  -1 -1  2  6  2        4.213     -0.0004   0.0000     0.0002  0.0000  0.0000  0.0000  0.0000  0.0000
  -1  0  2  6  1        4.163     -0.0004   0.0000     0.0002  0.0000  0.0000  0.0000  0.0000  0.0000
   1 -1  2  4  1        4.126     -0.0003   0.0000     0.0002  0.0000  0.0000  0.0000  0.0000  0.0000
   1  1  2  4  2        4.037      0.0004   0.0000    -0.0002  0.0000  0.0000  0.0000  0.0000  0.0000
   3  1  2  2  2        3.960      0.0003   0.0000    -0.0001  0.0000  0.0000  0.0000  0.0000  0.0000
   5  0  2  0  1        3.925     -0.0003   0.0000     0.0001  0.0000  0.0000  0.0000  0.0000  0.0000
   2 -1  2  4  2        3.591     -0.0003   0.0000     0.0001  0.0000  0.0000  0.0000  0.0000  0.0000
   2  0  2  4  1        3.554     -0.0003   0.0000     0.0002  0.0000  0.0000  0.0000  0.0000  0.0000
