MHB2000 Planetary nutation terms

 Term  L  L'   F   D  Om  Lm  Lv  Le  LM  Lj  Ls  Lu  Ln  Pa     Period       Longitude          Obliquity        Amplitude
                                                                  (days)     In       Out       In       Out      (mas)
                                                                            (mas)    (mas)     (mas)    (mas)
 687   0   0   2   2   2   0   0   2   0  -2   0   0   0   0        6.85   0.0003   0.0000    0.0000  -0.0001     0.0002
 686   1   0   2   0   2   0   1  -1   0   0   0   0   0   0        8.99   0.0003   0.0000    0.0000  -0.0001     0.0002
 685  -1   0   2   2   2   0   3  -3   0   0   0   0   0   0        9.11   0.0007   0.0000    0.0000  -0.0003     0.0004
 684  -1   0   2   2   2   0   0   2   0  -2   0   0   0   0        9.12   0.0013   0.0000    0.0000  -0.0006     0.0008
 683   2   0   2   0   1   0   0   1   0   0   0   0   0   0        6.73   0.0004   0.0000   -0.0001  -0.0002     0.0003
 682   0   0   2   0   2   0   0   1   0   0   0   0   0   0       13.17  -0.0024  -0.0012   -0.0005   0.0010     0.0015
 681   1   0   1   1   1   0   0   1   0   0   0   0   0   0        9.13   0.0000   0.0003    0.0002   0.0000     0.0002
 680   1   0   2   0   2   0   0   4  -8   3   0   0   0   0        9.13   0.0000   0.0003    0.0001   0.0000     0.0002
 679   1   0   2   0   2   0   0  -4   8  -3   0   0   0   0        9.13   0.0000   0.0003    0.0001   0.0000     0.0002
 678   2   0   2   0   2   0   0   2   0  -3   0   0   0   0        6.64   0.0024  -0.0012   -0.0005  -0.0011     0.0016
 677  -1   0   2   2   2   0   0   2   0  -3   0   0   0   0        9.14  -0.0005   0.0000    0.0000   0.0002     0.0003
 676   1   0   2   0   2   0  -1   1   0   0   0   0   0   0        9.28  -0.0003   0.0000    0.0000   0.0001     0.0002
 675  -1   0   2   2   2   0   0  -1   0   1   0   0   0   0        9.79   0.0003   0.0000    0.0000  -0.0001     0.0002
 674   0   0   2   0   2   0   2  -2   0   0   0   0   0   0       13.05  -0.0003   0.0000    0.0000   0.0001     0.0002
 673   0   0   2   0   2   0   0   1   0  -1   0   0   0   0       13.21  -0.0006   0.0000    0.0000   0.0003     0.0004
 672   0   0   2   0   2   0   1  -1   0   0   0   0   0   0       13.35   0.0008   0.0000    0.0000  -0.0004     0.0005
 671   0   0   2   0   2   0   2  -3   0   0   0   0   0   0       13.53   0.0000   0.0003    0.0001   0.0000     0.0002
 670  -2   0   2   2   2   0   0   2   0  -2   0   0   0   0       13.63  -0.0003   0.0000    0.0000   0.0001     0.0002
 669  -1   0   2   0   1   0   0   1   0   0   0   0   0   0       25.13  -0.0021  -0.0011   -0.0006   0.0011     0.0016
 668   0   0   1   1   0   0   0   1   0   0   0   0   0   0       13.63   0.0000  -0.0004    0.0000   0.0000     0.0002
 667   1   0   2   0   1   0   0  -2   0   3   0   0   0   0        9.54   0.0021  -0.0011   -0.0006  -0.0011     0.0016
 666   2   0   2  -2   2   0   0  -2   0   3   0   0   0   0       13.65   0.0003   0.0000    0.0000  -0.0001     0.0002
 665  -1   0   2   0   2   0   0  -4   8  -3   0   0   0   0       27.09  -0.0126  -0.0063   -0.0027   0.0055     0.0083
 664   0   0   2   0   2   0   0  -4   8  -3   0   0   0   0       13.66   0.0000   0.0009    0.0004  -0.0001     0.0005
 663   0   0   2   0   2   0   0   4  -8   3   0   0   0   0       13.66   0.0000   0.0009    0.0004   0.0001     0.0005
 662   1   0   2   0   2   0   0   1   0   0   0   0   0   0        8.91   0.0005   0.0000    0.0001  -0.0002     0.0003
 661   0   0   1   1   1   0   0   1   0   0   0   0   0   0       13.66  -0.0003   0.0028    0.0015   0.0002     0.0019
 660  -1   0   2   0   2   0  10  -3   0   0   0   0   0   0       13.66  -0.0005   0.0000    0.0001   0.0002     0.0003
 659   1   0   2   0   2   0   0   1   0   0   0   0   0   0        8.91   0.0126  -0.0063   -0.0027  -0.0055     0.0083
 658   0   0   1   1   2   0   0   1   0   0   0   0   0   0       13.69   0.0000  -0.0003   -0.0002   0.0000     0.0002
 657   0   0   0   2   0   0   0   2   0  -2   0   0   0   0       13.75  -0.0003   0.0000    0.0000   0.0000     0.0001
 656   0   0   2   0   2   0  -2   3   0   0   0   0   0   0       13.79   0.0000   0.0003    0.0001   0.0000     0.0002
 655   0   0   2   0   2   0  -1   1   0   0   0   0   0   0       13.99  -0.0008   0.0000    0.0000   0.0003     0.0004
 654   0   0   2   0   2   0   0  -1   0   1   0   0   0   0       14.15   0.0006   0.0000    0.0000  -0.0003     0.0004
 653   0   0   2   0   2   0  -2   2   0   0   0   0   0   0       14.33   0.0003   0.0000    0.0000  -0.0001     0.0002
 652   0   0   0  -2   0   0   0   1   0  -1   0   0   0   0      -15.33   0.0004   0.0000    0.0000   0.0000     0.0002
 651   0   0   0  -2   0   0   2  -2   0   0   0   0   0   0      -15.55   0.0003   0.0000    0.0000   0.0000     0.0001
 650   1   0   0   0   0   0   0   1   0  -1   0   0   0   0       25.77   0.0003   0.0000    0.0000   0.0000     0.0001
 649   1   0   0   0   0   0   1  -1   0   0   0   0   0   0       26.31  -0.0004   0.0000    0.0000   0.0000     0.0002
 648   1   0   2  -2   2   0   0  -2   0   2   0   0   0   0       27.21  -0.0006   0.0000    0.0000   0.0003     0.0004
 647   1   0   2  -2   2   0  -3   3   0   0   0   0   0   0       27.30  -0.0003   0.0000    0.0000   0.0001     0.0002
 646   1   0   0  -2   1   0   0  -2   0   2   0   0   0   0      -27.33   0.0003   0.0000    0.0000  -0.0002     0.0002
 645  -1   0   0   2   0   0   3  -3   0   0   0   0   0   0       27.34  -0.0019   0.0000    0.0000   0.0000     0.0008
 644  -1   0   0   2   0   0   0   2   0  -2   0   0   0   0       27.44  -0.0034   0.0000    0.0000   0.0000     0.0014
 643   0   0   0   0   0   0   0   2   0  -2   0   0   0   0      199.44   0.0020   0.0010    0.0000   0.0000     0.0009
 642  -1   0   0   2   1   0   0   2   0  -2   0   0   0   0       27.55  -0.0003   0.0000    0.0000   0.0002     0.0002
 641  -1   0   0   0   0   0   0   4  -8   3   0   0   0   0      -27.55   0.0000  -0.0005    0.0000   0.0000     0.0002
 640   1   0   1  -1   1   0   0  -1   0   0   0   0   0   0       27.55   0.0000   0.0005    0.0003   0.0000     0.0004
 639  -1   0   1  -1   1   0   0  -1   0   0   0   0   0   0      -27.55   0.0000  -0.0005   -0.0002   0.0000     0.0003
 638   1   0   0   0   0   0   0   4  -8   3   0   0   0   0       27.56   0.0000  -0.0005    0.0000   0.0000     0.0002
 637  -2   0   0   0   0   0   0   2   0  -3   0   0   0   0      -14.75   0.0021   0.0011    0.0000   0.0000     0.0009
 636  -1   0   0   2   0   0   0   2   0  -3   0   0   0   0       27.61   0.0013   0.0000    0.0000   0.0000     0.0005
 635   1   0  -1   1   0   0   0   1   0   0   0   0   0   0       27.67   0.0000   0.0003    0.0000   0.0000     0.0001
 634  -1   0   0   2   0   0   2  -2   0   0   0   0   0   0       28.69   0.0004   0.0000    0.0000   0.0000     0.0002
 633  -1   0   0   0   0   0   1  -1   0   0   0   0   0   0      -28.92  -0.0005   0.0000    0.0000   0.0000     0.0002
 632  -1   0   0   0   0   0   0   1   0  -1   0   0   0   0      -29.60   0.0004   0.0000    0.0000   0.0000     0.0002
 631  -1   0   0   0   0   0   0   2   0  -3   0   0   0   0      -31.74  -0.0003   0.0000    0.0000   0.0000     0.0001
 630  -2   0   0   2   0   0   0   4  -8   3   0   0   0   0     -205.83   0.0005   0.0000    0.0000   0.0000     0.0002
 629   1   0   0  -2   0   0   0   4  -8   3   0   0   0   0      -31.81   0.0000  -0.0004    0.0000   0.0000     0.0002
 628  -1   0   0   2   0   0   0   4  -8   3   0   0   0   0       31.81   0.0000  -0.0004    0.0000   0.0000     0.0002
 627  -1   0   0   0   0   0   0   2   0  -2   0   0   0   0      -31.97   0.0006   0.0000    0.0000   0.0000     0.0002
 626  -1   0   0   0   0   0   3  -3   0   0   0   0   0   0      -32.10   0.0004   0.0000    0.0000   0.0000     0.0002
 625   1   0   0  -2   0   0   1  -1   0   0   0   0   0   0      -33.64  -0.0004   0.0000    0.0000   0.0000     0.0002
 624   1   0   0  -2   0   0   0   1   0  -1   0   0   0   0      -34.57   0.0007   0.0000    0.0000   0.0000     0.0003
 623   1   0   0  -2   0   0   2  -2   0   0   0   0   0   0      -35.70   0.0006   0.0000    0.0000   0.0000     0.0002
 622   1   0   0  -2   0   0   0   2   0  -2   0   0   0   0      -37.85  -0.0003   0.0000    0.0000   0.0000     0.0001
 621   0   0   0   0   0   0   0   0   0   0   0   0   0   2  4709189.08   0.0003   0.0000    0.0000  -0.0001     0.0002
 620   0   0   0   0   0   0   0   6   0   0   0   0   0   2       60.88   0.0005   0.0000    0.0000  -0.0002     0.0003
 619   0   0   0   0   0   0   0   6   0   0   0   0   0   1       60.88   0.0000   0.0003    0.0001   0.0000     0.0002
 618   0   0   0   0   0   0   0   6   0   0   0   0   0   0       60.88   0.0006   0.0000    0.0000   0.0000     0.0002
 617   0   0   0   0   0   0   0   6   0   0   0   0   0   2       60.88   0.0006   0.0000    0.0000  -0.0003     0.0004
 616   0   0   0   0   0   0   0   6   0   0   0   0   0   1       60.88   0.0000   0.0004    0.0002   0.0000     0.0003
 615   0   0   0   0   0   0   0   6   0   0   0   0   0   0       60.88   0.0008   0.0000    0.0000   0.0000     0.0003
 614   0   0   0   0   0   0   0   6   0   0   0   0   0   0       60.88   0.0000   0.0000    0.0000  -0.0004     0.0004
 613   0   0   0   0   0   0   0   6   0   0   0   0   0   2       60.88   0.0002   0.0009    0.0004   0.0003     0.0006
 612   0   0   0   0   0   0   6  -4   0   0   0   0   0   1       63.49   0.0000  -0.0003   -0.0002   0.0000     0.0002
 611   0   0   0   0   0   0   9  -9   0   0   0   0   0   0       64.88   0.0013   0.0000    0.0000   0.0000     0.0005
 610   0   0   0   0   0   0  -9   9   0   0   0   0   0   1      -64.88   0.0000   0.0005    0.0003   0.0000     0.0004
 609   0   0   0   0   0   0  -9   9   0   0   0   0   0   1      -64.88   0.0000   0.0000    0.0000  -0.0005     0.0005
 608   0   0   0   0   0   0  -9   9   0   0   0   0   0   1      -64.88   0.0000   0.0000   -0.0001   0.0000     0.0001
 607   0   0   0   0   0   0   5  -3   0   0   0   0   0   2       71.23   0.0014  -0.0003    0.0000  -0.0001     0.0006
 606   0   0   0   0   0   0   5  -3   0   0   0   0   0   1       71.23   0.0000  -0.0005   -0.0003   0.0000     0.0004
 605   0   0   0   0   0   0   8  -8   0   0   0   0   0   0       72.99   0.0019   0.0000    0.0000   0.0000     0.0008
 604   0   0   0   0   0   0  -8   8   0   0   0   0   0   1      -72.99   0.0000   0.0007    0.0004   0.0000     0.0005
 603   0   0   0   0   0   0   3   0   0   0   0   0   0   2       74.90   0.0017  -0.0003   -0.0001   0.0000     0.0007
 602   0   0   0   0   0   0   0   5   0  -2   0   0   0   2       75.60   0.0003   0.0012    0.0005  -0.0001     0.0007
 601   0   0   0   0   0   0   0   5   0  -3   0   0   0   2       76.94  -0.0009   0.0000    0.0001   0.0004     0.0005
 600   0   0   0   0   0   0   0   5   0  -4   0   0   0   2       78.33  -0.0003   0.0000    0.0000   0.0001     0.0002
 599   0   0   0   0   0   0   4  -2   0   0   0   0   0   0       81.13   0.0000   0.0003    0.0000   0.0000     0.0001
 598   0   0   0   0   0   0   4  -2   0   0   0   0   0   0       81.13   0.0000   0.0000   -0.0002   0.0000     0.0002
 597   0   0   0   0   0   0   4  -2   0   0   0   0   0   2       81.13   0.0008  -0.0004    0.0000  -0.0004     0.0005
 596   0   0   0   0   0   0   4  -2   0   0   0   0   0   1       81.13   0.0000  -0.0007   -0.0004   0.0000     0.0005
 595   0   0   0   0   0   0   7  -7   0   0   0   0   0   0       83.42   0.0028   0.0000    0.0000   0.0000     0.0011
 594   0   0   0   0   0   0  -7   7   0   0   0   0   0   1      -83.42   0.0000   0.0009    0.0005  -0.0001     0.0006
 593   0   0   0   0   0   0   2   1   0   0   0   0   0   1       85.92   0.0000   0.0003    0.0002   0.0000     0.0002
 592   0   0   0   0   0   0   2   1   0   0   0   0   0   1       85.92   0.0000   0.0000    0.0000  -0.0010     0.0010
 591   0   0   0   0   0   0   2   1   0   0   0   0   0   2       85.92   0.0019  -0.0023   -0.0010   0.0002     0.0016
 590   0   0   0   0   0   0   5  -4   0   0   0   0   0   2       88.49   0.0000   0.0003    0.0001   0.0000     0.0002
 589   0   0   0   0   0   0   8  -9   0   0   0   0   0   0       91.22   0.0000   0.0004    0.0000   0.0000     0.0002
 588   0   0   0   0   0   0   0   4   0   0   0   0   0   0       91.31   0.0003  -0.0004    0.0000   0.0000     0.0002
 587   0   0   0   0   0   0   0   5  -2   0   0   0   0   2       92.78   0.0000  -0.0008   -0.0004   0.0000     0.0005
 586   0   0   0   0   0   0   0   4   0   0  -2   0   0   2       92.89  -0.0007   0.0000    0.0000   0.0003     0.0004
 585   0   0   0   0   0   0   0   4   0  -1   0   0   0   2       93.28  -0.0003  -0.0032   -0.0014   0.0001     0.0019
 584   0   0   0   0   0   0   3  -1   0   0   0   0   0   2       94.22   0.0031  -0.0006    0.0000  -0.0013     0.0018
 583   0   0   0   0   0   0   3  -1   0   0   0   0   0   1       94.22   0.0000  -0.0010   -0.0006  -0.0001     0.0007
 582   0   0   0   0   0   0   3  -1   0   0   0   0   0   0       94.22  -0.0003   0.0000    0.0000   0.0000     0.0001
 581   0   0   0   0   0   0   0   6  -4   0   0   0   0   2       94.30  -0.0003   0.0000    0.0000   0.0001     0.0002
 580   0   0   0   0   0   0   0   4   0  -2   0   0   0   2       95.33  -0.0184  -0.0003   -0.0001   0.0080     0.0109
 579   0   0   0   0   0   0   6  -6   0   0   0   0   0   1       97.32   0.0000  -0.0003   -0.0002   0.0000     0.0002
 578   0   0   0   0   0   0   6  -6   0   0   0   0   0   0       97.32   0.0040   0.0000    0.0000   0.0000     0.0016
 577   0   0   0   0   0   0  -6   6   0   0   0   0   0   1      -97.32   0.0003   0.0013    0.0007  -0.0002     0.0009
 576   0   0   0   0   0   0   0   4   0  -3   0   0   0   2       97.48  -0.0037  -0.0007   -0.0003   0.0016     0.0022
 575   0   0   0   0   0   0   0   4   0  -4   0   0   0   2       99.72  -0.0005   0.0000    0.0000   0.0002     0.0003
 574   0   0   0   0   0   0  -9  11   0   0   0   0   0   1     -100.63   0.0000   0.0005    0.0003   0.0000     0.0004
 573   0   0   0   0   0   0  -9  11   0   0   0   0   0   2     -100.63   0.0034   0.0000    0.0000  -0.0015     0.0020
 572   0   0   0   0   0   0   1   2   0   0   0   0   0   2      100.74   0.0004   0.0017    0.0007  -0.0002     0.0010
 571   0   0   0   0   0   0   4  -3   0   0   0   0   0   2      104.29   0.0000   0.0009    0.0004   0.0000     0.0005
 570   0   0   0   0   0   0   0   5  -3   0   0   0   0   2      107.27  -0.0010   0.0000    0.0000   0.0004     0.0006
 569   0   0   0   0   0   0   7  -8   0   0   0   0   0   0      108.11   0.0000   0.0006    0.0000   0.0000     0.0002
 568   0   0   0   0   0   0   0   6  -5   0   0   0   0   2      109.30  -0.0006   0.0003    0.0001   0.0003     0.0004
 567   0   0   0   0   0   0   0   7  -7   0   0   0   0   2      111.42   0.0000   0.0003    0.0001   0.0000     0.0002
 566   0   0   0   0   0   0   0   7  -7   0   0   0   0   2      111.42   0.0000   0.0000   -0.0003   0.0000     0.0003
 565   0   0   0   0   0   0   2   0   0   0   0   0   0   2      112.35   0.0370  -0.0008    0.0000  -0.0160     0.0218
 564   0   0   0   0   0   0   2   0   0   0   0   0   0   1      112.35   0.0004  -0.0015   -0.0008  -0.0002     0.0010
 563   0   0   0   0   0   0   2   0   0   0   0   0   0   0      112.35  -0.0003   0.0000    0.0000   0.0000     0.0001
 562   0   0   0   0   0   0   5  -5   0   0   0   0   0   2      116.78  -0.0008   0.0000    0.0000   0.0004     0.0005
 561   0   0   0   0   0   0   5  -5   0   0   0   0   0   1      116.78   0.0000  -0.0004   -0.0002   0.0000     0.0003
 560   0   0   0   0   0   0   5  -5   0   0   0   0   0   0      116.78   0.0059   0.0000    0.0000   0.0000     0.0024
 559   0   0   0   0   0   0  -5   5   0   0   0   0   0   1     -116.79   0.0004   0.0017    0.0009  -0.0002     0.0012
 558   0   0   0   0   0   0  -3   8   0   0   0   0   0   2      116.94   0.0000   0.0004    0.0002   0.0000     0.0003
 557   0   0   0   0   0   0   0   3   0   1   0   0   0   2      118.42  -0.0005  -0.0011   -0.0005   0.0002     0.0007
 556   0   0   0   0   0   0   0   2   2   0   0   0   0   2      119.23  -0.0004   0.0004    0.0002   0.0002     0.0004
 555   0   0   0   0   0   0  -8  10   0   0   0   0   0   2     -121.59   0.0000   0.0003    0.0001   0.0000     0.0002
 554   0   0   0   0   0   0  -8  10   0   0   0   0   0   1     -121.58   0.0000   0.0007    0.0004   0.0000     0.0005
 553   0   0   0   0   0   0  -8  10   0   0   0   0   0   2     -121.59   0.0050   0.0000    0.0000  -0.0022     0.0030
 552   0   0   0   0   0   0   0  -1   8  -3   0   0   0   2      121.73  -0.0022   0.0012    0.0005   0.0010     0.0015
 551   0   0   0   0   0   0   0   3   0   0   0   0   0   2      121.75   0.0000   0.0004    0.0002   0.0000     0.0003
 550   0   0   0   0   0   0   0  -5  16  -4  -5   0   0   2      121.75  -0.0003   0.0000    0.0000   0.0001     0.0002
 549   0   0   0   0   0   0   0   7  -8   3   0   0   0   2      121.77  -0.0025   0.0000    0.0000   0.0011     0.0015
 548   0   0   0   0   0   0   0   3   0   2  -5   0   0   2      121.79   0.0005   0.0012    0.0005  -0.0002     0.0007
 547   0   0   0   0   0   0  -8  16   0   0   0   0   0   2      121.92  -0.0006   0.0000    0.0000   0.0003     0.0004
 546   0   0   2  -2   1   0   0   1   0  -1   0   0   0   0      123.00  -0.0004   0.0000    0.0000   0.0002     0.0003
 545   0   0   0   0   0   0   0   3   0   0  -1   0   0   2      123.14   0.0029   0.0000    0.0000  -0.0013     0.0017
 544   0   0   0   0   0   0   0   4  -2   0   0   0   0   2      124.38   0.0143  -0.0003   -0.0001  -0.0062     0.0084
 543   0   0   0   0   0   0   0   3   0   0  -2   0   0   2      124.57   0.0000  -0.0007   -0.0003   0.0000     0.0004
 542   0   0   0   0   0   0   0   3   0  -1   0   0   0   2      125.27   0.0517   0.0016    0.0007  -0.0224     0.0305
 541   0   0   0   0   0   0   0   3   0  -1   0   0   0   2      125.27   0.0000   0.0000    0.0000   0.0023     0.0023
 540   0   0   0   0   0   0   3  -2   0   0   0   0   0   2      126.97   0.0000  -0.0114   -0.0050   0.0000     0.0068
 539   0   0   0   0   0   0   3  -2   0   0   0   0   0   0      126.98   0.0000   0.0000    0.0000   0.0000     0.0000
 538   0   0   0   0   0   0   0   5  -4   0   0   0   0   2      127.12   0.0030  -0.0018   -0.0008  -0.0013     0.0021
 537   0   0   0   0   0   0   0   3   0  -2   0   0   0   2      129.00   0.0067  -0.0091   -0.0039  -0.0029     0.0066
 536   0   0   0   0   0   0   0   3   0  -2   0   0   0   0      129.00  -0.0004  -0.0012    0.0000   0.0000     0.0005
 535   0   0   0   0   0   0   0   6  -6   0   0   0   0   2      129.99   0.0006  -0.0009   -0.0004  -0.0002     0.0006
 534   0   0   0   0   0   0   6  -7   0   0   0   0   0   0      132.67   0.0000   0.0009    0.0000   0.0000     0.0004
 533   0   0   0   0   0   0  -6   7   0   0   0   0   0   1     -132.67   0.0003   0.0000    0.0000  -0.0001     0.0002
 532   0   0   0   0   0   0  -2   6   0   0   0   0   0   2      132.87  -0.0008   0.0000    0.0000   0.0004     0.0005
 531   0   0   0   0   0   0   0   3   0  -3   0   0   0   2      132.96   0.0009  -0.0011   -0.0005  -0.0004     0.0009
 530   0   0   0   0   0   0   0   3   0  -3   0   0   0   0      132.96   0.0018  -0.0003    0.0000   0.0000     0.0007
 529   0   0   0   0   0   0   0   7  -8   0   0   0   0   2      132.98   0.0000  -0.0004   -0.0002   0.0000     0.0003
 528   0   0   2  -2   1   0   1  -1   0   0   0   0   0   0      136.32   0.0003   0.0000    0.0000  -0.0001     0.0002
 527   0   0   0   0   0   0   0   3   0  -4   0   0   0   0      137.17   0.0005   0.0000    0.0000   0.0000     0.0002
 526   0   0   0   0   0   0  -9  12   0   0   0   0   0   2     -138.90   0.0000  -0.0010   -0.0005   0.0000     0.0006
 525   0   0   0   0   0   0   1   1   0   0   0   0   0   2      139.11  -0.0339   0.0000    0.0000   0.0147     0.0200
 524   0   0   0   0   0   0   1   1   0   0   0   0   0   1      139.12   0.0005  -0.0023   -0.0012  -0.0003     0.0016
 523   0   0   0   0   0   0   1   1   0   0   0   0   0   0      139.12  -0.0004   0.0000    0.0000   0.0000     0.0002
 522   0   0   0   0   0   0   0  -3   0   5   0   0   0   2     -141.66   0.0003   0.0000    0.0000  -0.0001     0.0002
 521   0   0   0   0   0   0   0   2   1   0   0   0   0   2      144.27   0.0003   0.0000    0.0001  -0.0001     0.0002
 520   0   0   0   0   0   0   4  -4   0   0   0   0   0   2      145.98   0.0011  -0.0003   -0.0001  -0.0005     0.0007
 519   0   0   0   0   0   0   4  -4   0   0   0   0   0   1      145.98   0.0000  -0.0010   -0.0005   0.0000     0.0006
 518   0   0   0   0   0   0   4  -4   0   0   0   0   0   0      145.98   0.0083   0.0000    0.0000   0.0000     0.0033
 517   0   0   0   0   0   0  -4   4   0   0   0   0   0   1     -145.98   0.0006   0.0024    0.0013  -0.0003     0.0017
 516   0   0   0   0   0   0   0   3  -1   0   0   0   0   2      147.97   0.0019   0.0000    0.0000  -0.0008     0.0011
 515   0   0   0   0   0   0   0   4  -3   0   0   0   0   2      151.87   0.0026  -0.0014   -0.0006  -0.0011     0.0017
 514   0   0   0   0   0   0  -7   9   0   0   0   0   0   1     -153.56  -0.0003   0.0012    0.0006   0.0002     0.0008
 513   0   0   0   0   0   0  -7   9   0   0   0   0   0   2     -153.56   0.0074   0.0000    0.0000  -0.0032     0.0044
 512   0   0   0   0   0   0  -1   4   0   0   0   0   0   2      153.82   0.0003  -0.0004   -0.0002  -0.0001     0.0003
 511   0   0   0   0   0   0  -1   4   0   0   0   0   0   1      153.82  -0.0003   0.0000    0.0000   0.0002     0.0002
 510   0   0   0   0   0   0   0   5  -5   0   0   0   0   2      155.98   0.0007  -0.0012   -0.0005  -0.0003     0.0008
 509   0   0   0   0   0   0   0   6  -7   0   0   0   0   2      160.32   0.0000  -0.0007   -0.0003   0.0000     0.0004
 508   0   0   0   0   0   0   2  -1   0   0   0   0   0   2      162.26   0.0005  -0.0173   -0.0075  -0.0002     0.0102
 507   0   0   0   0   0   0   2  -1   0   0   0   0   0   0      162.26   0.0006   0.0019    0.0000   0.0000     0.0008
 506   0   0   0   0   0   0   0   7  -9   0   0   0   0   2      164.91   0.0000  -0.0004   -0.0002   0.0000     0.0003
 505   0   0   0   0   0   0   0  -1   6   0   0   0   0   2      166.77   0.0000  -0.0007   -0.0003   0.0000     0.0004
 504   0   0   0   0   0   0   0   2   0   2   0   0   0   2      168.42   0.0003   0.0000    0.0000  -0.0001     0.0002
 503   0   0   0   0   0   0   5  -6   0   0   0   0   0   2      171.67   0.0003   0.0010    0.0004  -0.0001     0.0006
 502   0   0   0   0   0   0   5  -6   0   0   0   0   0   0      171.67   0.0000   0.0008    0.0000   0.0000     0.0003
 501   0   0   0   0   0   0  -5   6   0   0   0   0   0   1     -171.68   0.0003   0.0000    0.0000  -0.0002     0.0002
 500   0   0   0   0   0   0  -5   6   0   0   0   0   0   2     -171.68   0.0000  -0.0003   -0.0001   0.0000     0.0002
 499   0   0   0   0   0   0   0   0   4   0   0   0   0   2      171.74  -0.0021  -0.0032   -0.0014   0.0009     0.0023
 498   0   0   0   0   0   0  -3   7   0   0   0   0   0   2      172.01  -0.0063  -0.0016   -0.0007   0.0028     0.0039
 497   0   0   0   0   0   0   0   2   0   1   0   0   0   2      175.23   0.0163  -0.0012   -0.0005  -0.0072     0.0097
 496   0   0   0   0   0   0   0   1   2   0   0   0   0   2      177.01  -0.0085  -0.0070   -0.0031   0.0037     0.0065
 495   0   0   2  -2   1   0   0  -4   8  -3   0   0   0   0      177.80   0.0000   0.0004    0.0002   0.0000     0.0003
 494   0   0   1  -1   0   0   0   1   0   0   0   0   0   0      177.85   0.0000   0.0003    0.0000   0.0000     0.0001
 493   0   0   2  -2   1   0   0   4  -8   3   0   0   0   0      177.89   0.0000   0.0004    0.0002   0.0000     0.0003
 492   0   0   0   0   0   0   3  -3   0   2   0   0   0   2      178.59  -0.0003   0.0000    0.0000   0.0001     0.0002
 491   0   0   0   0   0   0   0   2   0   0   1   0   0   2      179.57   0.0000  -0.0019   -0.0008   0.0000     0.0011
 490   0   0   0   0   0   0   0  11   0   0   0   0   0   2       33.20  -0.0011   0.0005    0.0002   0.0005     0.0007
 489   0   0   0   0   0   0  -8  11   0   0   0   0   0   2     -182.25  -0.0062  -0.0097   -0.0042   0.0027     0.0068
 488   0   0   0   0   0   0  -8  11   0   0   0   0   0   1     -182.25   0.0003   0.0000    0.0000  -0.0001     0.0002
 487   0   0   0   0   0   0  -8  11   0   0   0   0   0   2     -182.25   0.0000  -0.0015   -0.0007   0.0000     0.0009
 486   0   0   0   0   0   0   3  -5   4   0   0   0   0   2      182.32  -0.0013   0.0009    0.0004   0.0006     0.0010
 485   0   0   0   0   0   0   0   2   0  -2   5   0   0   2      182.52   0.0012  -0.0006   -0.0003  -0.0005     0.0008
 484   0   0   0   0   0   0   0   6  -8   1   5   0   0   2      182.57   0.0000  -0.0003   -0.0001   0.0000     0.0002
 483   0   0   0   0   0   0   0  -2   8  -3   0   0   0   2      182.57  -0.0123  -0.0416   -0.0180   0.0053     0.0256
 482   0   0   0   0   0   0   0  -2   8  -3   0   0   0   2      182.57   0.0000   0.0000   -0.0019   0.0006     0.0020
 481   0   0   0   0   0   0   0  -6  16  -4  -5   0   0   2      182.62   0.0000  -0.0086   -0.0019  -0.0006     0.0040
 480   0   0   0   0   0   0   0   2   0   0   0   0   0   2      182.62  -0.0089   0.0000    0.0000   0.0038     0.0052
 479   0   0   0   0   0   0   0   2   0   0   0   0   0   1      182.62   0.0000  -0.0004    0.0002   0.0000     0.0003
 478   0   0   1  -1   1   0   0   1   0   0   0   0   0   0      182.62   0.0000  -0.0009   -0.0005   0.0000     0.0006
 477   0   0   0   0   0   0   0   2   0   0   0   0   0   1      182.62   0.0007  -0.0032   -0.0017  -0.0004     0.0022
 476   0   0   0   0   0   0   0   2   0   0   0   0   0   0      182.63  -0.0005   0.0000    0.0000   0.0000     0.0002
 475   0   0   0   0   0   0   0   2   0   0   0   0   0   0      182.63   0.0000   0.0000    0.0000  -0.0035     0.0035
 474   0   0   0   0   0   0   0   6  -8   3   0   0   0   2      182.67   0.0123  -0.0415   -0.0180  -0.0053     0.0255
 473   0   0   0   0   0   0   0  -2   8  -1  -5   0   0   2      182.67   0.0000  -0.0003   -0.0001   0.0000     0.0002
 472   0   0   0   0   0   0   0   2   0   2  -5   0   0   2      182.72  -0.0011  -0.0006   -0.0003   0.0005     0.0008
 471   0   0   0   0   0   0  -3   9  -4   0   0   0   0   2      182.92   0.0014   0.0009    0.0004  -0.0006     0.0010
 470   0   0   0   0   0   0  -8  15   0   0   0   0   0   2      183.00   0.0061  -0.0096   -0.0042  -0.0027     0.0068
 469   0   0   0   0   0   0   0  -6  15   0   0   0   0   2      184.91   0.0011   0.0005    0.0002  -0.0005     0.0007
 468   0   0   0   0   0   0   0   2   0   0  -1   0   0   2      185.77   0.0000  -0.0020   -0.0009   0.0000     0.0012
 467   0   0   0   0   0   0   0   3  -2   0   0   0   0   2      188.60   0.0080  -0.0071   -0.0031  -0.0035     0.0063
 466   0   0   0   0   0   0   0   3  -2   0   0   0   0   0      188.60   0.0000   0.0009    0.0000   0.0000     0.0004
 465   0   0   0   0   0   0   0   2   0   0  -2   0   0   1      189.04   0.0000   0.0004    0.0002   0.0000     0.0003
 464   0   0   0   0   0   0   0   2   0   0  -2   0   0   0      189.05   0.0015   0.0000    0.0000   0.0000     0.0006
 463   0   0   0   0   0   0   0   2   0  -1   0   0   0   2      190.66  -0.0154  -0.0030   -0.0013   0.0067     0.0093
 462   0   0   0   0   0   0   0   2   0  -1   0   0   0   0      190.67   0.0000   0.0035    0.0000   0.0000     0.0014
 461   0   0   0   0   0   0   0  -5  13   0   0   0   0   2      191.04   0.0003   0.0000    0.0000  -0.0001     0.0002
 460   0   0   0   0   0   0   0   2   0   0  -3   0   0   0      192.43   0.0000   0.0003    0.0000   0.0000     0.0001
 459   0   0   0   0   0   0   3  -3   0   0   0   0   0   2      194.63   0.0054  -0.0015   -0.0007  -0.0024     0.0034
 458   0   0   0   0   0   0   3  -3   0   0   0   0   0   1      194.64   0.0003   0.0012    0.0006  -0.0001     0.0008
 457   0   0   0   0   0   0   3  -3   0   0   0   0   0   0      194.64   0.0089   0.0000    0.0000   0.0000     0.0036
 456   0   0   0   0   0   0  -3   3   0   0   0   0   0   1     -194.64   0.0008   0.0034    0.0018  -0.0004     0.0023
 455   0   0   0   0   0   0   0   4  -4   0   0   0   0   2      194.98   0.0018  -0.0029   -0.0013  -0.0008     0.0020
 454   0   0   0   0   0   0   0   4  -4   0   0   0   0   0      194.98   0.0008   0.0000    0.0000   0.0000     0.0003
 453   0   0   0   0   0   0  -5  10   0   0   0   0   0   2      195.07  -0.0003   0.0008    0.0004   0.0001     0.0005
 452   0   0   0   0   0   0   0   2   0  -2   0   0   0   2      199.43  -0.0006   0.0000   -0.0001   0.0003     0.0004
 451   0   0   0   0   0   0   0   2   0  -2   0   0   0   1      199.44  -0.0004   0.0021    0.0011   0.0002     0.0014
 450   0   0   0   0   0   0   0   2   0  -2   0   0   0   0      199.44   0.0393   0.0003    0.0000   0.0000     0.0157
 449   0   0   0   0   0   0   0   5  -6   0   0   0   0   2      201.80   0.0000  -0.0006   -0.0002   0.0000     0.0003
 448   0   0   0   0   0   0   0   5  -6   0   0   0   0   0      201.81   0.0003   0.0000    0.0000   0.0000     0.0001
 447   0   0   0   0   0   0   0  -3   9   0   0   0   0   2      204.60   0.0000  -0.0003   -0.0001   0.0000     0.0002
 446   0   0   0   0   1   0   0   2   0  -2   0   0   0   0      205.47  -0.0003   0.0000    0.0000   0.0002     0.0002
 445   0   0   0   0   0   0   6  -8   0   0   0   0   0   0      208.34  -0.0003   0.0000    0.0000   0.0000     0.0001
 444   0   0   0   0   0   0  -6   8   0   0   0   0   0   1     -208.35  -0.0005   0.0019    0.0010   0.0002     0.0013
 443   0   0   0   0   0   0  -6   8   0   0   0   0   0   2     -208.35   0.0117   0.0000    0.0000  -0.0051     0.0069
 442   0   0   0   0   0   0  -2   5   0   0   0   0   0   2      208.83   0.0000  -0.0114   -0.0049   0.0000     0.0067
 441   0   0   0   0   0   0  -2   5   0   0   0   0   0   1      208.84  -0.0004   0.0000    0.0000   0.0002     0.0003
 440   0   0   0   0   0   0   0   2   0  -3   0   0   0   0      209.07   0.0083   0.0015    0.0000   0.0000     0.0034
 439   0   0   0   0   0   0   0  -2   7   0   0   0   0   2      212.13   0.0000  -0.0006   -0.0002   0.0000     0.0003
 438   0   0   0   0   0   0   0   2   0  -4   0   0   0   0      219.67   0.0011   0.0004    0.0000   0.0000     0.0005
 437   0   0   0   0   0   0   0  -2   0   4   0   0   0   2     -219.68   0.0017   0.0000    0.0000  -0.0007     0.0010
 436   0   0   0   0   0   0   0  -1   5   0   0   0   0   2      220.23  -0.0005  -0.0009   -0.0004   0.0002     0.0006
 435   0   0   0   0   0   0  -9  13   0   0   0   0   0   2     -224.13  -0.0003   0.0000    0.0000   0.0001     0.0002
 434   0   0   0   0   0   0   1   0   0   0   0   0   0   2      224.69  -0.0005   0.0006    0.0003   0.0002     0.0005
 433   0   0   0   0   0   0   1   0   0   0   0   0   0   0      224.70  -0.0004  -0.0028    0.0000   0.0000     0.0011
 432   0   0   0   0   0   0   0   0   3   0   0   0   0   2      228.98  -0.0018  -0.0010   -0.0004   0.0008     0.0012
 431   0   0   0   0   0   0   0  -2   0   5   0   0   0   2     -231.41   0.0005   0.0000    0.0000  -0.0002     0.0003
 430   0   0   0   0   0   0   0   1   1   0   0   0   0   2      238.46  -0.0013   0.0000    0.0000   0.0006     0.0008
 429   0   0   0   0   0   0   4  -5   0   0   0   0   0   0      243.16   0.0000  -0.0003    0.0000   0.0000     0.0001
 428   0   0   0   0   0   0  -4   5   0   0   0   0   0   1     -243.17   0.0005   0.0000    0.0000  -0.0002     0.0003
 427   0   0   0   0   0   0  -4   5   0   0   0   0   0   2     -243.18   0.0000  -0.0004   -0.0002   0.0000     0.0003
 426   0   0   0   0   0   0  -4   8   0   0   0   0   0   2      243.83  -0.0003   0.0000    0.0000   0.0001     0.0002
 425   0   0   0   0   0   0   0   3  -3   0   0   0   0   0      259.98   0.0027   0.0000    0.0000   0.0000     0.0011
 424   0   0   0   0   0   0  -7  10   0   0   0   0   0   1     -264.94   0.0004   0.0000    0.0000  -0.0002     0.0003
 423   0   0   0   0   0   0  -7  10   0   0   0   0   0   2     -264.95   0.0000  -0.0024   -0.0010   0.0000     0.0014
 422   0   0   0   0   0   0  -1   3   0   0   0   0   0   2      265.73   0.0113   0.0000    0.0000  -0.0049     0.0067
 421   0   0   1  -1   1   0  -1   2   0   0   0   0   0   0      265.73   0.0000   0.0003    0.0001   0.0000     0.0002
 420   0   0   0   0   0   0  -1   3   0   0   0   0   0   1      265.73   0.0008  -0.0031   -0.0016  -0.0004     0.0021
 419   0   0   0   0   0   0   1  -3   0   0   0   0   0   0     -265.74   0.0008  -0.0003    0.0000   0.0000     0.0003
 418   0   0   0   0   0   0   0   4  -5   0   0   0   0   0      272.26   0.0016  -0.0006    0.0000   0.0000     0.0007
 417   0   0   0   0   1   0  -2   2   0   0   0   0   0   0     -279.94   0.0004   0.0000    0.0000  -0.0002     0.0003
 416   0   0   0   0   0   0   0   5  -7   0   0   0   0   0      285.76   0.0005  -0.0007    0.0000   0.0000     0.0003
 415   0   0   0   0   0   0   0  -5   7   0   0   0   0   2     -285.77   0.0003   0.0000    0.0000  -0.0001     0.0002
 414   0   0   0   0   0   0   0   1   0   3   0   0   0   2      291.51  -0.0005  -0.0007   -0.0003   0.0002     0.0005
 413   0   0   0   0   0   0   2  -2   0   0   0   0   0   1      291.95  -0.0003  -0.0013   -0.0007   0.0001     0.0009
 412   0   0   0   0   0   0   2  -2   0   0   0   0   0   0      291.96  -0.0598   0.0000    0.0000   0.0000     0.0239
 411   0   0   1  -1   1   0  -2   1   0   0   0   0   0   0     -291.97   0.0000   0.0005    0.0003   0.0000     0.0004
 410   0   0   0   0   0   0  -2   2   0   0   0   0   0   1     -291.97   0.0012   0.0055    0.0029  -0.0006     0.0037
 409   0   0   0   0   0   0   0   6  -9   0   0   0   0   0      300.66   0.0000  -0.0005    0.0000   0.0000     0.0002
 408   0   0   0   0   0   0   0  -6   9   0   0   0   0   2     -300.68   0.0003   0.0000    0.0000  -0.0001     0.0002
 407   0   0   0   0   1   0   2  -2   0   0   0   0   0   0      305.06   0.0006   0.0000    0.0000  -0.0003     0.0004
 406   0   0   0   0   0   0   0  -2   6   0   0   0   0   2      306.89  -0.0003  -0.0005   -0.0002   0.0001     0.0003
 405   0   0   0   0   0   0   0   1   0   2   0   0   0   2      312.54  -0.0035  -0.0048   -0.0021   0.0015     0.0035
 404   0   0   0   0   0  -1   0   3   0   0   0   0   0   2     -317.06   0.0001   0.0000    0.0000   0.0000     0.0000
 403   0   0   0   0   0   0   0  -1   0   1   0   0   0   0     -398.88   0.0000  -0.0003    0.0000   0.0000     0.0001
 402   0   0   2  -2   1   0   0  -1   0   1   0   0   0   0      320.93   0.0005   0.0000    0.0000  -0.0003     0.0004
 401   0   0   0   0   0   0   5  -7   0   0   0   0   0   0      323.92   0.0016  -0.0005    0.0000   0.0000     0.0007
 400   0   0   1  -1   1   0  -5   6   0   0   0   0   0   0     -323.93   0.0000   0.0004    0.0002   0.0000     0.0003
 399   0   0   0   0   0   0  -5   7   0   0   0   0   0   1     -323.93  -0.0008   0.0035    0.0019   0.0005     0.0024
 398   0   0   0   0   0   0  -5   7   0   0   0   0   0   2     -323.94   0.0202   0.0000    0.0000  -0.0087     0.0119
 397   0   0   0   0   0   0   0  -1   4   0   0   0   0   2      324.15  -0.0019  -0.0008   -0.0004   0.0008     0.0012
 396   0   0   0   0   0   0  -3   6   0   0   0   0   0   2      325.10   0.0000  -0.0027   -0.0012   0.0000     0.0016
 395   0   0   0   0   0   0  -3   6   0   0   0   0   0   1      325.11  -0.0007   0.0000    0.0000   0.0004     0.0005
 394   0   0   0   0   0   0   3  -6   0   0   0   0   0   0     -325.13   0.0000  -0.0004    0.0000   0.0000     0.0002
 393   0   0   0   0   0   0   0   1   0   1   0   0   0   2      336.83  -0.0262   0.0000    0.0000   0.0114     0.0155
 392   0   0   0   0   0   0   0   1   0   1   0   0   0   1      336.85   0.0000   0.0003    0.0002   0.0000     0.0002
 391   0   0   0   0   0   0   0   1   0   1   0   0   0   0      336.86   0.0008   0.0011    0.0000   0.0000     0.0005
 390   0   0   2  -2   1   0  -5   5   0   0   0   0   0   0     -340.15   0.0004   0.0000    0.0000  -0.0002     0.0003
 389   0   0   0   0   0   0   0   1   0   0   2   0   0   2      342.01   0.0000  -0.0003   -0.0001   0.0000     0.0002
 388   0   0   0   0   0   0   0   0   2   0   0   0   0   2      343.46  -0.0074   0.0000    0.0000   0.0032     0.0044
 387   0   0   0   0   0   0   0   0   2   0   0   0   0   0      343.49   0.0006   0.0000    0.0000   0.0000     0.0002
 386   0   0   0   0   0   0   0   1   0   0   1   0   0   2      353.24  -0.0014   0.0000    0.0000   0.0006     0.0008
 385   0   0   0   0   0   0   0   1   0   1  -2   0   0   0      359.36  -0.0001   0.0000    0.0000   0.0000     0.0000
 384   0   0   0   0   0   0  -8  12   0   0   0   0   0   0     -363.73  -0.0008   0.0000    0.0000   0.0000     0.0003
 383   0   0   0   0   0   0  -8  12   0   0   0   0   0   2     -363.76  -0.0006   0.0000    0.0000   0.0002     0.0003
 382   0   0   0   0   0   0   0   1   0  -2   5   0   0   2      364.82   0.0000   0.0005    0.0002   0.0000     0.0003
 381   0   0   0   0   0   0   0  -3   8  -3   0   0   0   2      365.02  -0.0004   0.0000    0.0000   0.0002     0.0003
 380   0   0   0   0   0   0   0   3  -8   3   0   0   0   0     -365.05  -0.0019  -0.0011    0.0000   0.0000     0.0009
 379   0   0   0   0   0   0   0   1   0   0   0   0   0   0      365.26   0.0008  -0.0027    0.0000   0.0000     0.0011
 378   0   0   0   0   0   0   0  -1   0   0   0   0   0   1     -365.27  -0.0004   0.0000    0.0000   0.0002     0.0003
 377   0   0   0   0   0   0   0   5  -8   3   0   0   0   2      365.43  -0.0003   0.0000    0.0000   0.0001     0.0002
 376   0   0   0   0   0   0   0   5  -8   3   0   0   0   0      365.46   0.0021   0.0003    0.0000   0.0000     0.0008
 375   0   0   0   0   0   0   0   1   0   2  -5   0   0   0      365.67  -0.0013  -0.0030    0.0000   0.0000     0.0013
 374   0   0   0   0   0   0  -8  14   0   0   0   0   0   2      366.76  -0.0003   0.0000    0.0000   0.0001     0.0002
 373   0   0   0   0   1   0   0  -2   2   0   0   0   0   0     -368.81   0.0003   0.0000    0.0000  -0.0002     0.0002
 372   0   0   0   0   1   0   0  -1   0   1   0   0   0   0     -376.78   0.0011   0.0000    0.0000  -0.0006     0.0007
 371   0   0   0   0   0   0   0   1   0   0  -1   0   0   0      378.09  -0.0075   0.0000    0.0000   0.0000     0.0030
 370   0   0   0   0   0   0   0   2  -2   0   0   0   0   0      389.97  -0.0368   0.0000    0.0000   0.0000     0.0147
 369   0   0   0   0   0   0   0   1   0   0  -2   0   0   0      391.86  -0.0006   0.0020    0.0000   0.0000     0.0008
 368   0   0   0   0   1   0  -3   4   0   0   0   0   0   0     -392.62   0.0000   0.0003    0.0002   0.0000     0.0002
 367   0   0   0   0   0   0   0   1   0  -3   5   0   0   0      398.39   0.0003   0.0000    0.0000   0.0000     0.0001
 366   0   0   0   0   0   0   0   1   0  -1   0   0   0   1      398.87   0.0000   0.0007    0.0003   0.0000     0.0004
 365   0   0   0   0   0   0   0   1   0  -1   0   0   0   0      398.88  -0.1223  -0.0026    0.0000   0.0000     0.0489
 364   0   0   0   0   0   0   0  -1   0   1   0   0   0   1     -398.90   0.0000  -0.0004   -0.0002   0.0000     0.0003
 363   0   0   0   0   0   0   0   1   0   1  -5   0   0   0      399.38  -0.0003   0.0000    0.0000   0.0000     0.0001
 362   0   0   0   0   0   0   0   1   0   0  -3   0   0   0      406.67  -0.0003   0.0000    0.0000   0.0000     0.0001
 361   0   0   0   0   1   0   0  -1   0   2   0   0   0   0     -412.66   0.0000   0.0003    0.0001   0.0000     0.0002
 360   0   0   0   0   1   0   0   2  -2   0   0   0   0   0      413.70   0.0005   0.0000    0.0000  -0.0002     0.0003
 359   0   0   0   0   0   0   3  -4   0   0   0   0   0   1      416.67   0.0003   0.0000    0.0000  -0.0002     0.0002
 358   0   0   0   0   0   0   3  -4   0   0   0   0   0   0      416.69  -0.0005   0.0328    0.0000   0.0000     0.0131
 357   0   0   0   0   0   0  -3   4   0   0   0   0   0   1     -416.71   0.0007   0.0000    0.0000  -0.0004     0.0005
 356   0   0   0   0   0   0  -3   4   0   0   0   0   0   2     -416.73   0.0000  -0.0005   -0.0002   0.0000     0.0003
 355   0   0   0   0   0   0   0   3  -4   0   0   0   0   0      418.27  -0.0078   0.0045    0.0000   0.0000     0.0036
 354   0   0   0   0   0   0  -5   9   0   0   0   0   0   2      418.65   0.0010   0.0000    0.0000  -0.0004     0.0006
 353   0   0   0   0   1   0   0   1   0  -1   0   0   0   0      423.75   0.0015   0.0000    0.0000  -0.0008     0.0010
 352   0   0   0   0   0   0   0   1   0  -2   0   0   0   0      439.33  -0.0166   0.0269    0.0000   0.0000     0.0126
 351   0   0   0   0   0   0   0  -1   0   2   0   0   0   2     -439.37  -0.0005   0.0000    0.0000   0.0002     0.0003
 350   0   0   0   0   1   0   3  -4   0   0   0   0   0   0      443.90   0.0000  -0.0004   -0.0002   0.0000     0.0003
 349   0   0   0   0   0   0   0   4  -6   0   0   0   0   0      450.99  -0.0016   0.0023    0.0000   0.0000     0.0011
 348   0   0   0   0   0   0   0  -4   6   0   0   0   0   2     -451.04   0.0006   0.0000    0.0000  -0.0002     0.0003
 347   0   0   2  -2   1   0  -2   2   0   0   0   0   0   0      455.00   0.0011   0.0000    0.0000  -0.0006     0.0007
 346   0   0   0   0   1   0   0   1   0  -2   0   0   0   0      469.68   0.0000  -0.0004   -0.0002  -0.0001     0.0003
 345   0   0   0   0   0   0   6  -9   0   0   0   0   0   0      484.98   0.0000  -0.0003    0.0000   0.0000     0.0001
 344   0   0   0   0   0   0  -6   9   0   0   0   0   0   1     -485.00   0.0009   0.0000    0.0000  -0.0005     0.0006
 343   0   0   0   0   0   0  -6   9   0   0   0   0   0   2     -485.03   0.0000  -0.0045   -0.0020   0.0000     0.0027
 342   0   0   0   0   0   0  -2   4   0   0   0   0   0   2      487.64  -0.0458   0.0000    0.0000   0.0198     0.0270
 341   0   0   1  -1   1   0  -2   3   0   0   0   0   0   0      487.66   0.0000   0.0009    0.0005   0.0001     0.0006
 340   0   0   0   0   0   0  -2   4   0   0   0   0   0   1      487.66   0.0014  -0.0059   -0.0031  -0.0008     0.0040
 339   0   0   0   0   0   0   2  -4   0   0   0   0   0   0     -487.69   0.0005  -0.0005    0.0000   0.0000     0.0003
 338   0   0   0   0   0   0   0   1   0  -3   0   0   0   0      488.91  -0.0028   0.0036    0.0000   0.0000     0.0018
 337   0   0   0   0   0   0   0  -1   0   3   0   0   0   1     -488.93   0.0000  -0.0005   -0.0003   0.0000     0.0004
 336   0   0   0   0   0   0   0  -1   0   3   0   0   0   2     -488.96   0.0118   0.0000    0.0000  -0.0052     0.0070
 335   0   0   0   0   0   0   0   5  -8   0   0   0   0   0      489.27   0.0000   0.0011    0.0000   0.0000     0.0004
 334   0   0   0   0   0   0   0  -5   8   0   0   0   0   2     -489.33   0.0005   0.0003    0.0001  -0.0002     0.0003
 333  -2   0   0   2   0   0   4  -4   0   0   0   0   0   0      501.67  -0.0003   0.0000    0.0000   0.0000     0.0001
 332   0   0   0   0   0   0   0  -3   7   0   0   0   0   2      505.99   0.0000  -0.0003   -0.0001   0.0000     0.0002
 331   0   0   2  -2   1   0   0  -3   0   3   0   0   0   0     -526.85   0.0004   0.0000    0.0000  -0.0002     0.0003
 330   0   0   0   0   0   0   0  -6  10   0   0   0   0   0     -534.66   0.0000   0.0003    0.0000   0.0000     0.0001
 329   0   0   0   0   0   0   0  -6  10   0   0   0   0   2     -534.72   0.0000   0.0004    0.0002  -0.0001     0.0003
 328   0   0   0   0   1   0  -1   1   0   0   0   0   0   0     -537.73  -0.0019   0.0000    0.0000   0.0010     0.0013
 327   0   0   0   0   0   0   0   1   0  -4   0   0   0   0      551.10  -0.0004   0.0004    0.0000   0.0000     0.0002
 326   0   0   0   0   0   0   0  -1   0   4   0   0   0   2     -551.16   0.0030  -0.0006   -0.0002  -0.0013     0.0018
 325   0   0   0   0   0   0   0  -2   5   0   0   0   0   2      554.68  -0.0006  -0.0003   -0.0002   0.0003     0.0004
 324   0   0   1  -1   1   0   1  -2   0   0   0   0   0   0      583.89   0.0000   0.0005    0.0003   0.0000     0.0004
 323   0   0   0   0   0   0   1  -1   0   0   0   0   0   1      583.89  -0.0007  -0.0032   -0.0017   0.0004     0.0022
 322   0   0   0   0   0   0   1  -1   0   0   0   0   0   0      583.92   0.1485   0.0000    0.0000   0.0000     0.0594
 321   0   0   1  -1   1   0  -1   0   0   0   0   0   0   0     -583.96   0.0005   0.0021    0.0011  -0.0003     0.0014
 320   0   0   0   0   0   0  -1   1   0   0   0   0   0   1     -583.96   0.0025   0.0106    0.0057  -0.0013     0.0073
 319   0   0   0   0   0   0  -1   1   0   0   0   0   0   2     -583.99  -0.0003   0.0000    0.0000   0.0001     0.0002
 318   0   0   0   0   0   0   0  -7  12   0   0   0   0   2     -589.40   0.0000   0.0003    0.0001   0.0000     0.0002
 317   0   0   0   0   0   0   0  -1   3   0   0   0   0   2      613.74  -0.0011   0.0000    0.0000   0.0005     0.0007
 316   0   0   0   0   0   0   0   1  -3   0   0   0   0   0     -613.82   0.0000   0.0003    0.0000   0.0000     0.0001
 315   0   0   0   0   0   0   0  -1   0   5   0   0   0   2     -631.49   0.0005   0.0000    0.0000  -0.0002     0.0003
 314   0   0   0   0   1   0   1  -1   0   0   0   0   0   0      638.79  -0.0028   0.0000    0.0000   0.0015     0.0019
 313   0   0  -1   1   0   0   1   0   0   0   0   0   0   0      638.83   0.0000  -0.0003    0.0000   0.0000     0.0001
 312   0   0   0   0   0   0   0   0   1   0   0   0   0   0      686.98   0.0002   0.0001    0.0000   0.0000     0.0001
 311  -2   0   0   2   0   0   2  -2   0   0   0   0   0   0     -698.43  -0.0005   0.0000    0.0000   0.0000     0.0002
 310   0   0   0   0   0   0   4  -6   0   0   0   0   0   0      727.47  -0.0046   0.0014    0.0000   0.0000     0.0019
 309   0   0   0   0   0   0  -4   6   0   0   0   0   0   1     -727.52  -0.0003   0.0013    0.0007   0.0002     0.0009
 308   0   0   1  -1   1   0  -4   5   0   0   0   0   0   0     -727.52  -0.0007   0.0028    0.0015   0.0004     0.0019
 307   0   0   0   0   0   0  -4   6   0   0   0   0   0   1     -727.52  -0.0022   0.0093    0.0049   0.0012     0.0063
 306   0   0   0   0   0   0  -4   6   0   0   0   0   0   2     -727.58   0.0490   0.0000    0.0000  -0.0213     0.0289
 305   0   0   0   0   0   0  -4   7   0   0   0   0   0   2      733.47   0.0003   0.0066    0.0029  -0.0001     0.0039
 304   0   0   1  -1   1   0  -4   6   0   0   0   0   0   0      733.53   0.0003   0.0000    0.0000  -0.0001     0.0002
 303   0   0   0   0   0   0  -4   7   0   0   0   0   0   1      733.53  -0.0012  -0.0003   -0.0002   0.0006     0.0008
 302   0   0   0   0   0   0   0   1  -1   0   0   0   0   0      779.94  -0.0025   0.0000    0.0000   0.0000     0.0010
 301   0   0  -1   1   0   0   4  -5   0   0   0   0   0   0      814.71   0.0000  -0.0004    0.0000   0.0000     0.0002
 300   0   0   2  -2   1   0  -4   4   0   0   0   0   0   0     -814.78   0.0027   0.0000    0.0000  -0.0014     0.0018
 299   0   0   0   0   0   0   0   2  -3   0   0   0   0   0      901.98  -0.0068   0.0039    0.0000   0.0000     0.0031
 298   0   0  -2   2   0   0   4  -4   0   0   0   0   0   0      925.73   0.0004   0.0000    0.0000   0.0000     0.0002
 297   0   0   0   0   0   0  -7  11   0   0   0   0   0   1     -964.70   0.0000  -0.0003   -0.0002   0.0000     0.0002
 296   0   0   0   0   0   0  -7  11   0   0   0   0   0   2     -964.79  -0.0016  -0.0003   -0.0001   0.0007     0.0010
 295   0   0   0   0   0   0  -1   2   0   0   0   0   0   2      975.18  -0.0003  -0.0006   -0.0002   0.0001     0.0003
 294   0   0   0   0   0   0  -1   2   0   0   0   0   0   1      975.28  -0.0004   0.0000    0.0000   0.0002     0.0003
 293   0   0   0   0   0   0   1  -2   0   0   0   0   0   0     -975.38   0.0022  -0.0087    0.0000   0.0000     0.0036
 292   0   0   1  -1   1   0   1  -3   0   0   0   0   0   0     -975.48  -0.0004   0.0000    0.0000   0.0002     0.0003
 291   0   0   0   0   0   0   1  -2   0   0   0   0   0   1     -975.48  -0.0010   0.0000    0.0001   0.0005     0.0006
 290   0   0   0   0   0   0   0   3  -5   0   0   0   0   0     1069.32  -0.0020   0.0034    0.0000   0.0000     0.0016
 289   0   0   0   0   0   0   0  -3   5   0   0   0   0   1    -1069.44   0.0000  -0.0003   -0.0002  -0.0001     0.0003
 288   0   0   0   0   0   0   0  -3   5   0   0   0   0   2    -1069.56   0.0017   0.0000    0.0000  -0.0007     0.0010
 287   0   0   0   0   0   0   0   0   0   4   0   0   0   2     1082.90  -0.0009   0.0003    0.0001   0.0004     0.0006
 286   0   0   0   0   1   0  -1   2   0   0   0   0   0   0     1138.76   0.0000   0.0003    0.0001   0.0000     0.0002
 285   0   0   0   0   0   0   0  -5  10   0   0   0   0   2     1152.52   0.0000  -0.0005   -0.0002   0.0000     0.0003
 284   0   0   2  -2   1   0   0  -2   0   3   0   0   0   0     1190.85   0.0007   0.0000    0.0000  -0.0004     0.0005
 283   0   0   0   0   1   0  -2   3   0   0   0   0   0   0    -1198.45   0.0000   0.0019    0.0010   0.0000     0.0013
 282   0   0   0   0   0   0   0   4  -7   0   0   0   0   0     1312.88   0.0000   0.0022    0.0000   0.0000     0.0009
 281   0   0   0   0   0   0   0  -4   7   0   0   0   0   1    -1313.06   0.0003   0.0000    0.0000  -0.0002     0.0002
 280   0   0   0   0   0   0   0  -4   7   0   0   0   0   2    -1313.24   0.0016   0.0009    0.0004  -0.0007     0.0011
 279   0   0  -2   2   0   0   0   2   0  -2   0   0   0   0    -1322.72   0.0005   0.0000    0.0000   0.0000     0.0002
 278   0   0   0   0   0   0   0  -4   8   0   0   0   0   2     1440.56  -0.0006  -0.0010   -0.0004   0.0003     0.0007
 277   0   0   0   0   0   0   0   4  -8   0   0   0   0   0    -1441.00   0.0003   0.0005    0.0000   0.0000     0.0002
 276   0   0   0   0   0   0   0   0   0   3   0   0   0   2     1443.75  -0.0127   0.0021    0.0009   0.0055     0.0076
 275   0   0   0   0   0   0   0   0   0   3   0   0   0   1     1443.98   0.0000   0.0006    0.0003  -0.0001     0.0004
 274   0   0   1  -1   1   0   0  -1   0   3   0   0   0   0     1443.97  -0.0003  -0.0009   -0.0005   0.0002     0.0007
 273   0   0   0   0   0   0   0   0   0   3   0   0   0   1     1443.98   0.0006   0.0017    0.0009  -0.0003     0.0012
 272   0   0   0   0   0   0   2  -3   0   0   0   0   0   1     1454.71   0.0003  -0.0003   -0.0001  -0.0002     0.0003
 271   0   0   0   0   0   0   2  -3   0   0   0   0   0   0     1454.94   0.0008   0.0614    0.0000   0.0000     0.0246
 270   0   0   1  -1   1   0  -2   2   0   0   0   0   0   0    -1455.16   0.0018   0.0000    0.0000  -0.0009     0.0012
 269   0   0   0   0   0   0  -2   3   0   0   0   0   0   1    -1455.16   0.0030  -0.0003   -0.0002  -0.0016     0.0020
 268   0   0   0   0   0   0  -2   3   0   0   0   0   0   2    -1455.39   0.0005  -0.0011   -0.0005  -0.0002     0.0007
 267   0   0   0   0   0   0  -6  10   0   0   0   0   0   2     1479.14   0.0024   0.0005    0.0002  -0.0011     0.0015
 266   0   0   0   0   0   0  -6  10   0   0   0   0   0   1     1479.37   0.0000   0.0005    0.0003   0.0001     0.0004
 265   0   0  -2   2   0   0   3  -3   0   0   0   0   0   0    -1581.46   0.0013   0.0000    0.0000   0.0000     0.0005
 264  -2   0   1   1   1   0   0   1   0   0   0   0   0   0     1616.03   0.0000  -0.0005   -0.0003   0.0000     0.0004
 263   0   0   2  -2   1   0   0  -2   0   2   0   0   0   0     1642.24   0.0050   0.0000    0.0000  -0.0027     0.0034
 262   0   0  -1   1   0   0   0   1   0  -2   0   0   0   0    -1642.53  -0.0003   0.0016    0.0000   0.0000     0.0007
 261   0   0   0   0   0   0   0   5  -9   0   0   0   0   0     1700.12   0.0007   0.0013    0.0000   0.0000     0.0006
 260   0   0   0   0   0   0   0  -5   9   0   0   0   0   1    -1700.42   0.0003   0.0000    0.0000  -0.0001     0.0002
 259   0   0   0   0   0   0   0  -5   9   0   0   0   0   2    -1700.73   0.0008   0.0012    0.0005  -0.0003     0.0008
 258   0   0   0   0   1   0   2  -3   0   0   0   0   0   0     1851.09   0.0000  -0.0032   -0.0017   0.0000     0.0021
 257   0   0  -1   1   0   0   2  -2   0   0   0   0   0   0     1851.46   0.0003   0.0000    0.0000   0.0000     0.0001
 256   0   0   0   0   0   0   0  -3   6   0   0   0   0   2     1920.55  -0.0024  -0.0013   -0.0006   0.0010     0.0016
 255   0   0   0   0   0   0   0  -3   6   0   0   0   0   1     1920.94  -0.0004   0.0000    0.0000   0.0002     0.0003
 254   0   0   1  -1   1   0   0  -4   6   0   0   0   0   0     1920.94   0.0004   0.0000    0.0000  -0.0002     0.0003
 253   0   0   0   0   0   0   0  -3   6   0   0   0   0   1     1920.94  -0.0005   0.0000    0.0001   0.0003     0.0004
 252   0   0   0   0   0   0   0   3  -6   0   0   0   0   0    -1921.34   0.0000   0.0031    0.0000   0.0000     0.0012
 251   0   0   1  -1   2   0  -5   7   0   0   0   0   0   0    -2014.61  -0.0005   0.0000    0.0000   0.0002     0.0003
 250   0   0   2  -2   1   0   0  -4   4   0   0   0   0   0     2023.12   0.0003   0.0000    0.0000  -0.0002     0.0002
 249   0   0   0   0   1   0   0   2  -4   0   0   0   0   0    -2023.99  -0.0004   0.0008    0.0004   0.0002     0.0006
 248   0   0   2  -2   1   0  -3   3   0   0   0   0   0   0     2060.86   0.0117   0.0000    0.0000  -0.0063     0.0078
 247   0   0  -1   1   0   0   3  -4   0   0   0   0   0   0    -2061.31   0.0000  -0.0004    0.0000   0.0000     0.0002
 246   0   0   0   0   1   0   3  -5   0   0   0   0   0   0    -2061.76  -0.0008   0.0000    0.0001   0.0004     0.0005
 245   0   0   0   0   0   0   0   0   0   0   5   0   0   2     2150.86  -0.0006   0.0000    0.0000   0.0003     0.0004
 244   0   0   2  -2   2   0   0  -2   0   2   0   0   0   0     2165.30  -0.0005   0.0000    0.0000   0.0002     0.0003
 243   0   0   0   0   0   0   0   0   0   2   0   0   0   2     2165.30  -0.1166   0.0000    0.0000   0.0505     0.0687
 242   0   0   0   0   0   0   0   0   0   2   0   0   0   1     2165.80   0.0009   0.0049    0.0026  -0.0005     0.0033
 241   0   0   1  -1   1   0   0  -1   0   2   0   0   0   0     2165.80  -0.0027  -0.0143   -0.0077   0.0014     0.0098
 240   0   0   0   0   0   0   0   0   0   2   0   0   0   1     2165.80   0.0042   0.0223    0.0119  -0.0022     0.0151
 239   0   0   0   0   0   0   0   0   0   2   0   0   0   0     2166.29  -0.0025   0.0022    0.0000   0.0000     0.0013
 238   0   0   0   0   0   0   0   0   0   4  -5   0   0   2     2179.93   0.0007   0.0000    0.0000  -0.0003     0.0004
 237   0   0   2  -2   1   0   0  -7   9   0   0   0   0   0    -2268.15   0.0000   0.0003    0.0002  -0.0001     0.0003
 236  -2   0   0   2   0   0   0   2   0   0  -2   0   0   0     2310.49  -0.0003   0.0000    0.0000   0.0000     0.0001
 235   2   0   0  -2   1   0  -3   3   0   0   0   0   0   0    -2337.20   0.0016   0.0000    0.0000  -0.0009     0.0011
 234   0   0   0   0   0   1   0  -4   0   0   0   0   0   0     2401.56   0.0005   0.0003    0.0000   0.0000     0.0002
 233   0   0   0   0   0  -1   0   4   0   0   0   0   0   2    -2402.79  -0.0004   0.0010    0.0004   0.0002     0.0006
 232   0   0   0   0   0   0   0   6 -11   0   0   0   0   0     2411.36   0.0009   0.0006    0.0000   0.0000     0.0004
 231   0   0   0   0   0   0   0  -6  11   0   0   0   0   2    -2412.59   0.0000   0.0011    0.0005   0.0000     0.0007
 230   0   0   2  -2   1   0   0  -2   0   1   0   0   0   0     2644.70  -0.0003   0.0000    0.0000   0.0001     0.0002
 229   0   0  -1   1   0   0   0   1   0  -1   0   0   0   0    -2645.44   0.0000   0.0004    0.0000   0.0000     0.0002
 228   0   0   0   0   1   0   0   0   0  -1   0   0   0   0    -2646.18   0.0004   0.0015    0.0008  -0.0002     0.0010
 227   0   0   1  -1   2   0   0  -1   0  -1   0   0   0   0    -2646.93   0.0000  -0.0006   -0.0002   0.0000     0.0003
 226   0   0   0   0   0   0   5  -8   0   0   0   0   0   0     2862.15  -0.0014  -0.0039    0.0000   0.0000     0.0017
 225   0   0   0   0   0   0  -5   8   0   0   0   0   0   1    -2863.02   0.0057   0.0011    0.0006  -0.0030     0.0038
 224   0   0   1  -1   1   0  -5   7   0   0   0   0   0   0    -2863.02   0.0140   0.0027    0.0014  -0.0075     0.0095
 223   0   0   0   0   0   0  -5   8   0   0   0   0   0   1    -2863.02   0.0031   0.0006    0.0003  -0.0017     0.0021
 222   0   0   0   0   0   0  -5   8   0   0   0   0   0   2    -2863.89   0.0000   0.0007    0.0003   0.0000     0.0004
 221   0   0   2  -2   2   0  -5   6   0   0   0   0   0   0    -2863.89   0.0000   0.0012    0.0005   0.0000     0.0007
 220   0   0   0   0   0   0  -5   8   0   0   0   0   0   2    -2863.89  -0.0011  -0.0268   -0.0116   0.0005     0.0158
 219   0   0   0   0   0   0   0  -2   4   0   0   0   0   2     2880.24  -0.0051   0.0000    0.0000   0.0022     0.0030
 218   0   0   0   0   0   0   0  -2   4   0   0   0   0   1     2881.12  -0.0008   0.0012    0.0006   0.0004     0.0009
 217   0   0   1  -1   1   0   0  -3   4   0   0   0   0   0     2881.12   0.0009  -0.0013   -0.0007  -0.0005     0.0011
 216   0   0   0   0   0   0   0  -2   4   0   0   0   0   1     2881.12  -0.0006   0.0009    0.0005   0.0003     0.0007
 215   0   0   0   0   0   0   0   2  -4   0   0   0   0   0    -2882.00  -0.0086   0.0153    0.0000   0.0000     0.0070
 214   0   0   1  -1   1   0   0   1  -4   0   0   0   0   0    -2882.89   0.0003   0.0000    0.0000  -0.0002     0.0002
 213   0   0   0   0   0   0   0   2  -4   0   0   0   0   1    -2882.89   0.0004   0.0000    0.0000  -0.0002     0.0003
 212   0   0   0   0   0   0  -3   5   0   0   0   0   0   2     2957.35   0.0085   0.0000    0.0000  -0.0037     0.0050
 211   0   0   2  -2   2   0  -3   3   0   0   0   0   0   0     2957.35  -0.0012   0.0000    0.0000   0.0005     0.0007
 210   0   0   0   0   0   0  -3   5   0   0   0   0   0   2     2957.35  -0.2150   0.0000    0.0000   0.0932     0.1268
 209   0   0   0   0   0   0  -3   5   0   0   0   0   0   1     2958.28   0.0011  -0.0049   -0.0026  -0.0007     0.0034
 208   0   0   1  -1   1   0  -3   4   0   0   0   0   0   0     2958.28  -0.0010   0.0040    0.0021   0.0005     0.0027
 207   0   0   0   0   0   0   3  -5   0   0   0   0   0   0    -2959.21  -0.0145   0.0047    0.0000   0.0000     0.0061
 206   0   0   0   0   0   0   3  -5   0   0   0   0   0   1    -2960.14  -0.0003  -0.0009   -0.0005   0.0003     0.0007
 205   0   0   1  -1   1   0   3  -6   0   0   0   0   0   0    -2960.14  -0.0009  -0.0014   -0.0008   0.0005     0.0012
 204   0   0   2  -2   1   0   0  -2   0   0   2   0   0   0     3001.26   0.0008   0.0000    0.0000  -0.0004     0.0005
 203   0   0  -1   1   0   0   0   1   0   0  -2   0   0   0    -3002.22  -0.0004   0.0009    0.0000   0.0000     0.0004
 202   0   0  -1   1   0   0   0   2  -2   0   0   0   0   0    -3118.27   0.0000   0.0004    0.0000   0.0000     0.0002
 201   0   0   0   0   1   0   0   1  -2   0   0   0   0   0    -3119.31  -0.0037   0.0035    0.0019   0.0020     0.0034
 200   0   0   1  -1   2   0   0   0  -2   0   0   0   0   0    -3120.34  -0.0007   0.0000    0.0000   0.0003     0.0004
 199   0   0   1  -1   2   0   0  -1   0   2   0   0   0   0     3178.33   0.0000   0.0010    0.0004   0.0000     0.0006
 198   2   0   0  -2   1   0   0  -2   0   2   0   0   0   0    -3287.61   0.0054   0.0000    0.0000  -0.0029     0.0036
 197   0   0   0   0   2   0   0   4  -8   3   0   0   0   0    -3381.55   0.0000  -0.0007   -0.0003   0.0000     0.0004
 196   0   0   0   0   2   0   0  -4   8  -3   0   0   0   0    -3417.02   0.0000  -0.0007   -0.0003   0.0000     0.0004
 195  -2   0   0   2   0   0   3  -3   0   0   0   0   0   0     3561.66  -0.0138   0.0000    0.0000   0.0000     0.0055
 194   0   0   0   0   0   0   0   0   0   0   3   0   0   2     3583.68   0.0000   0.0015    0.0007   0.0000     0.0009
 193   0   0   0   0   0   0   0   0   0   0   3   0   0   1     3585.04   0.0008  -0.0004   -0.0002  -0.0004     0.0006
 192   0   0   1  -1   1   0   0  -1   0   0   3   0   0   0     3585.04  -0.0008   0.0004    0.0002   0.0004     0.0006
 191   0   0   0   0   0   0   0   0   0   2  -2   0   0   0     3626.73  -0.0004   0.0000    0.0000   0.0000     0.0002
 190  -2   0   0   2   0   0   0   4  -4   0   0   0   0   0     3680.33  -0.0004   0.0000    0.0000   0.0000     0.0002
 189   0   0   2  -2   1  -1   0   2   0   0   0   0   0   0    -3716.24   0.0000   0.0008    0.0004   0.0001     0.0005
 188   0   0   2  -2   1   0   0  -8  11   0   0   0   0   0    -3739.75   0.0000   0.0008    0.0004   0.0000     0.0005
 187   2   0   0  -2   1   0   0  -5   6   0   0   0   0   0    -4076.33   0.0003   0.0000    0.0000  -0.0002     0.0002
 186   0   0   0   0   0   0   0   7 -13   0   0   0   0   0     4145.70   0.0010   0.0000    0.0000   0.0000     0.0004
 185   0   0   0   0   0   0   0  -7  13   0   0   0   0   2    -4149.35  -0.0004   0.0008    0.0003   0.0002     0.0005
 184   0   0  -1   1   0   0   0   1   0   0  -1   0   0   0    -4164.18  -0.0004   0.0000    0.0000   0.0000     0.0002
 183   0   0   0   0   1   0   0   0   0   0  -1   0   0   0    -4166.02   0.0000   0.0005    0.0003   0.0000     0.0004
 182   0   0   1  -1   2   0   0  -1   0   0  -1   0   0   0    -4167.86  -0.0003   0.0000    0.0000   0.0001     0.0002
 181   0   0   0   0   0   0   0   0   0   1   0   0   0   2     4328.61   0.0052   0.0023    0.0010  -0.0023     0.0034
 180   0   0   0   0   0   0   0   0   0   1   0   0   0   1     4330.60   0.0000   0.0005    0.0003   0.0000     0.0004
 179   0   0   1  -1   1   0   0  -1   0   1   0   0   0   0     4330.60  -0.0006  -0.0047   -0.0025   0.0003     0.0032
 178   0   0   0   0   0   0   0   0   0   1   0   0   0   1     4330.60   0.0006   0.0049    0.0026  -0.0003     0.0033
 177   0   0   0   0   0   0   0   0   0   1   0   0   0   0     4332.59  -0.0091   0.0248    0.0000   0.0000     0.0106
 176   0   0   0   0   0   0   0   0   0  -1   0   0   0   1    -4334.58  -0.0013   0.0052    0.0028   0.0007     0.0036
 175   0   0   1  -1   1   0   0  -1   0  -1   0   0   0   0    -4334.58  -0.0050   0.0194    0.0103   0.0027     0.0133
 174   0   0   0   0   0   0   0   0   0   3  -5   0   0   0     4391.57   0.0000  -0.0004    0.0000   0.0000     0.0002
 173   1   0   0  -1   1   0   0  -1   0   1   0   0   0   0    -4431.98   0.0004   0.0000    0.0000  -0.0002     0.0003
 172  -2   0   0   2   1   0   0   6  -8   0   0   0   0   0    -4497.22   0.0000   0.0003    0.0002   0.0001     0.0003
 171  -2   0   0   2   1   0   0   2   0  -3   0   0   0   0    -4528.49  -0.0053  -0.0009   -0.0005   0.0028     0.0036
 170   0   0   0   0   1   0   0  -8  15   0   0   0   0   0    -4655.12  -0.0005  -0.0003   -0.0001   0.0003     0.0004
 169  -2   0   0   2   1   0   6  -8   0   0   0   0   0   0    -4895.86   0.0011  -0.0003   -0.0001  -0.0006     0.0008
 168   0   0   0   0   1   0   5  -8   0   0   0   0   0   0     4943.31   0.0000   0.0005    0.0003   0.0000     0.0004
 167   0   0  -1   1   0   0   5  -7   0   0   0   0   0   0     4945.91   0.0035  -0.0007    0.0000   0.0000     0.0014
 166   0   0   2  -2   1   0  -5   6   0   0   0   0   0   0    -4948.51  -0.0018  -0.0436   -0.0233   0.0009     0.0291
 165   0   0   0   0   1   0   0  -2   4   0   0   0   0   0     5002.82  -0.0011  -0.0021   -0.0011   0.0006     0.0016
 164   0   0   1  -1   2   0  -3   4   0   0   0   0   0   0     5237.23   0.0000  -0.0003   -0.0001   0.0000     0.0002
 163   0   0   0   0   1   0  -3   5   0   0   0   0   0   0     5240.15  -0.0021  -0.0006   -0.0003   0.0011     0.0014
 162   0   0   1  -1   0   0   3  -6   0   0   0   0   0   0    -5243.07   0.0000   0.0004    0.0000   0.0000     0.0002
 161   0   0   0   0   0   0   0   0   0   0   2   0   0   2     5373.47  -0.0133   0.0000    0.0000   0.0057     0.0078
 160   0   0   0   0   0   0   0   0   0   0   2   0   0   1     5376.54   0.0051   0.0114    0.0061  -0.0027     0.0083
 159   0   0   1  -1   1   0   0  -1   0   0   2   0   0   0     5376.54  -0.0048  -0.0110   -0.0059   0.0026     0.0080
 158   0   0   1  -1   1   0   0  -1   0   0  -2   0   0   0    -5382.69   0.0003  -0.0004   -0.0002  -0.0002     0.0003
 157  -1   0   0   1   1   0   0   3  -4   0   0   0   0   0    -5413.40  -0.0003   0.0000    0.0000   0.0002     0.0002
 156  -1   0   0   1   1   0   3  -4   0   0   0   0   0   0    -5692.36   0.0000   0.0023    0.0013   0.0000     0.0016
 155   0   0   0   0   0   0   0  -1   2   0   0   0   0   1     5760.48   0.0006   0.0047    0.0025  -0.0003     0.0032
 154   0   0   1  -1   1   0   0  -2   2   0   0   0   0   0     5760.48  -0.0008  -0.0047   -0.0025   0.0004     0.0032
 153   0   0   0   0   0   0   0   1  -2   0   0   0   0   0    -5764.01  -0.0449   0.0430    0.0000   0.0000     0.0249
 152   0   0   1  -1   1   0   0   0  -2   0   0   0   0   0    -5767.54   0.0273   0.0080    0.0043  -0.0146     0.0190
 151   0   0   0   0   0   0   0   1  -2   0   0   0   0   1    -5767.54   0.0023   0.0007    0.0003  -0.0013     0.0016
 150   0   0   0   0   1   0  -8  13   0   0   0   0   0   0    -6307.04  -0.0040   0.0057    0.0030   0.0021     0.0046
 149   0   0   1  -1   2   0  -8  12   0   0   0   0   0   0    -6311.26  -0.0004   0.0000    0.0000   0.0002     0.0003
 148  -2   0   1   1   1   0   0   1   0  -2   0   0   0   0     6361.95   0.0000  -0.0006   -0.0003   0.0000     0.0004
 147   1   0   0   0   1   0 -18  16   0   0   0   0   0   0    -6364.52   0.0057  -0.0028   -0.0015  -0.0030     0.0042
 146  -2   0   0   2   0   0   0   2   0  -2   0   0   0   0     6366.25  -0.0439   0.0000    0.0000   0.0000     0.0176
 145   0   0   0   0   1   0  -3   7  -4   0   0   0   0   0    -6404.24  -0.0009  -0.0005   -0.0003   0.0005     0.0007
 144  -2   0   0   2   0   0   0   2   0   0  -5   0   0   0     6494.41  -0.0003   0.0000    0.0000   0.0000     0.0001
 143   2   0  -1  -1   1   0   0   3  -7   0   0   0   0   0    -6609.18   0.0003   0.0000   -0.0001  -0.0002     0.0003
 142   0   0  -1   1   0   0   0   1   0   2  -5   0   0   0    -6653.37  -0.0009  -0.0016    0.0000   0.0000     0.0007
 141   0   0   0   0   1   0   0   0   0   2  -5   0   0   0    -6658.08  -0.0073   0.0017    0.0009   0.0039     0.0050
 140   0   0   0   0   1   0   0   4  -8   3   0   0   0   0    -6728.16  -0.0082   0.0292    0.0156   0.0044     0.0202
 139  -1   0   0   0   1   0  10  -3   0   0   0   0   0   0    -6732.84  -0.0003   0.0000    0.0000   0.0001     0.0002
 138   0   0   2  -2   1   0   0  -2   0   0   0   0   0   0     6788.58  -0.0003   0.0000    0.0000   0.0002     0.0002
 137   1   0   0   0   1   0 -10   3   0   0   0   0   0   0    -6865.22   0.0003   0.0000    0.0000  -0.0001     0.0002
 136   0   0   0   0   1   0   0  -4   8  -3   0   0   0   0    -6870.08   0.0084   0.0298    0.0159  -0.0045     0.0207
 135   0   0   0   0   1   0   0   0   0  -2   5   0   0   0    -6944.73   0.0076   0.0017    0.0009  -0.0041     0.0052
 134   0   0   1  -1   2   0   0  -1   0  -2   5   0   0   0    -6949.86  -0.0003   0.0005    0.0002   0.0001     0.0003
 133  -2   0   1   1   1   0   0  -3   7   0   0   0   0   0    -6998.74  -0.0005  -0.0004   -0.0002   0.0003     0.0004
 132   0   0   0   0   1   0   3  -7   4   0   0   0   0   0    -7244.22   0.0010  -0.0006   -0.0003  -0.0005     0.0007
 131   0   0   1  -1   1   0   0  -1   0  -1   1   0   0   0    -7259.05   0.0000   0.0014    0.0007   0.0000     0.0009
 130  -1   0   0   0   1   0  18 -16   0   0   0   0   0   0    -7295.73  -0.0068  -0.0034   -0.0018   0.0036     0.0050
 129  -1   0   0   1   0   0   0   2  -2   0   0   0   0   0     7360.65  -0.0005   0.0000    0.0000   0.0000     0.0002
 128   0   0   2  -2   1   0  -8  11   0   0   0   0   0   0     7361.22   0.0000   0.0003    0.0002   0.0000     0.0002
 127   0   0  -1   1   0   0   8 -12   0   0   0   0   0   0    -7366.99  -0.0014   0.0007    0.0000   0.0000     0.0006
 126   0   0   0   0   1   0   8 -13   0   0   0   0   0   0    -7372.76   0.0046   0.0066    0.0035  -0.0025     0.0054
 125  -2   0   0   2   1   0   3  -3   0   0   0   0   0   0     7480.88  -0.0005   0.0000    0.0000   0.0003     0.0004
 124  -2   0   0   2   1   0   0   2   0  -3   1   0   0   0    -7819.78   0.0003   0.0000    0.0000  -0.0002     0.0002
 123   0   0   0   0   0   0   3  -5   0   2   0   0   0   0     8084.76   0.0010   0.0000    0.0000   0.0000     0.0004
 122   0   0  -2   2   0   1   0  -2   0   0   0   0   0   0     8197.03   0.0000  -0.0003    0.0000   0.0000     0.0001
 121   0   0  -1   1   1   0   0   0   2   0   0   0   0   0    -8277.91   0.0008  -0.0003   -0.0001  -0.0005     0.0006
 120   0   0   0   0   2   0   0  -1   2   0   0   0   0   0    -8285.20  -0.0005  -0.0004   -0.0002   0.0002     0.0004
 119   1   0   0  -1   1   0  -3   4   0   0   0   0   0   0    -8437.85   0.0000   0.0029    0.0015   0.0000     0.0019
 118   1   0   0  -1   1   0   0  -3   4   0   0   0   0   0    -9135.68   0.0004   0.0003    0.0001  -0.0002     0.0003
 117   0   0   0   0   0   0   0  -9  17   0   0   0   0   2     9435.79   0.0003   0.0000    0.0000  -0.0002     0.0002
 116   0   0   0   0   0   0   0   9 -17   0   0   0   0   0    -9454.73   0.0005  -0.0006    0.0000   0.0000     0.0003
 115  -2   0   0   2   0   0   0   5  -6   0   0   0   0   0    10180.74  -0.0024   0.0012    0.0000   0.0000     0.0011
 114   0   0   0   0   1   0   0   7 -13   0   0   0   0   0    10624.74  -0.0003   0.0000    0.0000   0.0002     0.0002
 113   0   0   2  -2   1   0   0  -9  13   0   0   0   0   0   -10648.78   0.0010  -0.0022   -0.0012  -0.0005     0.0016
 112   0   0   0   0   0   0   0   0   0   0   1   0   0   2    10734.70   0.0000   0.0008    0.0004   0.0000     0.0005
 111   0   0   0   0   0   0   0   0   0   0   1   0   0   1    10746.95   0.0047   0.0008    0.0004  -0.0025     0.0032
 110   0   0   1  -1   1   0   0  -1   0   0   1   0   0   0    10746.94  -0.0066  -0.0012   -0.0006   0.0035     0.0045
 109   0   0   0   0   0   0   0   0   0   0   1   0   0   0    10759.23   0.0011   0.0056    0.0000   0.0000     0.0023
 108   0   0   1  -1   1   0   0  -1   0   0  -1   0   0   0   -10771.54   0.0174   0.0084    0.0045  -0.0093     0.0129
 107   0   0   0   0   0   0   0   0   0   0  -1   0   0   1   -10771.53   0.0032   0.0015   -0.0008   0.0017     0.0024
 106   0   0  -2   2   1   0   5  -6   0   0   0   0   0   0   -10857.01   0.0000   0.0006    0.0003   0.0000     0.0004
 105   2   0   0  -2   1   0  -6   8   0   0   0   0   0   0   -11119.33  -0.0017  -0.0004   -0.0002   0.0009     0.0012
 104   0   0   1  -1   1   0   0  -1   0  -2   4   0   0   0   -11143.61   0.0005   0.0003    0.0002  -0.0002     0.0004
 103   0   0   1  -1   2   0   0  -1   0   1   0   0   0   0    11930.14   0.0000   0.0006    0.0003   0.0000     0.0004
 102   0   0   0   0   1   0   0   0   0   1   0   0   0   0    11945.28   0.0020  -0.0070   -0.0037  -0.0011     0.0048
 101   0   0  -1   1   0   0   0   1   0   1   0   0   0   0    11960.46  -0.0021  -0.0078    0.0000   0.0000     0.0032
 100   0   0   2  -2   1   0   0 -10  15   0   0   0   0   0    12565.50  -0.0003   0.0000    0.0000   0.0001     0.0002
  99   0   0   0   0   1   0   0   8 -15   0   0   0   0   0   -12599.14   0.0015  -0.0007   -0.0004  -0.0008     0.0011
  98   1   0   0  -2   0   0  20 -21   0   0   0   0   0   0    12715.06   0.0000  -0.0008    0.0000   0.0000     0.0003
  97  -1   0   1   1   1   0 -20  20   0   0   0   0   0   0   -12732.26   0.0005   0.0000    0.0000  -0.0003     0.0004
  96  -1   0   0   1   0   0   0   1   0  -1   0   0   0   0    12732.51  -0.0053   0.0000    0.0000   0.0000     0.0021
  95  -2   0   0   2   0   0   0   2   0  -1  -5   0   0   0   -13015.70  -0.0003   0.0000    0.0000   0.0000     0.0001
  94  -2   0   0   2   0   0   0   6  -8   0   0   0   0   0   -13286.25  -0.0015   0.0022    0.0000   0.0000     0.0011
  93  -2   0   0   2   0   0   0   2   0  -3   0   0   0   0   -13562.89  -0.0349  -0.0062    0.0000   0.0000     0.0142
  92  -2   0   1   1   1   0   0   1   0  -3   0   0   0   0   -13582.46  -0.0003   0.0007    0.0004   0.0002     0.0005
  91  -2   0   1   1   0   0   0   1   0  -3   0   0   0   0    13611.10   0.0000   0.0003    0.0000   0.0000     0.0001
  90   2   0   0  -2   1   0   0  -2   0   3   0   0   0   0   -13630.81   0.0089  -0.0016   -0.0009  -0.0048     0.0061
  89   2   0   0  -2   1   0   0  -6   8   0   0   0   0   0   -13922.14   0.0003   0.0005    0.0003  -0.0002     0.0004
  88  -2   0   0   2   0   0   0   2   0  -5   5   0   0   0   -14158.11   0.0000   0.0003    0.0000   0.0000     0.0001
  87   2   0   0  -2   0   0   2  -5   0   0   0   0   0   0    14573.09   0.0000  -0.0003    0.0000   0.0000     0.0001
  86   1   0  -1  -1   0   0   0   8 -15   0   0   0   0   0      -29.20  -0.0003   0.0000    0.0000   0.0000     0.0001
  85   0   0   0   0   0   0   0   8 -15   0   0   0   0   0    14765.97   0.0045  -0.0022    0.0000   0.0000     0.0020
  84   0   0   1  -1   1   0   0  -9  15   0   0   0   0   0   -14789.17   0.0000   0.0019    0.0010   0.0000     0.0013
  83   0   0   0   0   0   0   0  -8  15   0   0   0   0   1   -14789.16   0.0000   0.0008   -0.0004   0.0000     0.0005
  82   0   0   0   0   0   0   0  -8  15   0   0   0   0   2   -14812.42  -0.0014   0.0008    0.0003   0.0006     0.0009
  81   0   0   0   0   0   0   0   0   0   0   0   2   0   2    15294.40  -0.0007   0.0000    0.0000   0.0003     0.0004
  80   0   0   0   0   0   0   0   0   0   0   0   2   0   1    15319.28   0.0000  -0.0005    0.0003   0.0000     0.0004
  79   0   0   1  -1   1   0   0  -1   0   0   0   2   0   0    15319.27   0.0000  -0.0008   -0.0004  -0.0001     0.0005
  78   0   0  -1   1   1   0   0   1   0   1   0   0   0   0   -15751.76   0.0000  -0.0004   -0.0002   0.0001     0.0003
  77   0   0   0   0   2   0   0   0   0   1   0   0   0   0   -15778.17   0.0000  -0.0003   -0.0001   0.0000     0.0002
  76   2   0   1  -3   1   0  -6   7   0   0   0   0   0   0    17462.20   0.0000   0.0003    0.0001   0.0000     0.0002
  75  -2   0   0   2   0   0   6  -8   0   0   0   0   0   0   -17494.65   0.0078  -0.0018    0.0000   0.0000     0.0032
  74   0   0  -1   1   1   0   5  -7   0   0   0   0   0   0    18150.92  -0.0003   0.0000    0.0000   0.0001     0.0002
  73   0   0  -2   2   0   0   5  -6   0   0   0   0   0   0    18185.99  -0.0010   0.0233    0.0000   0.0000     0.0093
  72   0   0  -1   1   0   0   0   1   0   0   1   0   0   0   -18430.96  -0.0042   0.0020    0.0000   0.0000     0.0019
  71   0   0   0   0   1   0   0   0   0   0   1   0   0   0   -18467.12   0.0004   0.0024    0.0013  -0.0002     0.0016
  70   0   0   1  -1   2   0   0  -1   0   0   1   0   0   0   -18503.42  -0.0005   0.0000    0.0000   0.0002     0.0003
  69   0   0  -2   2   0   0   0   9 -13   0   0   0   0   0   -18801.82  -0.0003  -0.0005    0.0000   0.0000     0.0002
  68  -2   0   0   2   1   0   0   5  -6   0   0   0   0   0   -20462.82  -0.0006   0.0004    0.0002   0.0003     0.0005
  67   0   0   1  -1   1   0   0  -1   0   1  -3   0   0   0   -20870.14   0.0000   0.0003    0.0002   0.0000     0.0002
  66   1   0   0  -2   0   0  17 -16   0  -2   0   0   0   0   -22201.18   0.0000   0.0005    0.0000   0.0000     0.0002
  65   0   0   0   0   0   0   0   0   0   1  -2   0   0   0    22260.86   0.0000   0.0003    0.0000   0.0000     0.0001
  64   0   0   1  -1   1   0   0  -1   0  -1   2   0   0   0   -22313.63   0.0000  -0.0008   -0.0004   0.0000     0.0005
  63   0   0   0   0   2   0  -3   5   0   0   0   0   0   0    22862.07   0.0003   0.0000    0.0000  -0.0001     0.0002
  62   0   0   0   0   1   0   0  -9  17   0   0   0   0   0   -24197.48  -0.0003  -0.0004   -0.0002   0.0001     0.0003
  61   0   0   1  -1   2   0   0  -1   0   0   2   0   0   0    25707.33   0.0011   0.0024    0.0011  -0.0005     0.0016
  60   0   0  -1   1   0   0   0   1   0   0   2   0   0   0    25848.52   0.0000   0.0003    0.0000   0.0000     0.0001
  59  -1   0   0   1   0   0   0   3  -4   0   0   0   0   0   -26572.51  -0.0016   0.0008    0.0000   0.0000     0.0007
  58   0   0   0   0   0   0   0   0   0   0   0   0   2   2    29904.19  -0.0006   0.0000    0.0000   0.0003     0.0004
  57   0   0   0   0   0   0   0   0   0   0   0   0   2   1    29999.44  -0.0009  -0.0011    0.0006  -0.0005     0.0010
  56   0   0   1  -1   1   0   0  -1   0   0   0   0   2   0    29999.38  -0.0017  -0.0019   -0.0010   0.0009     0.0017
  55   0   0   0   0   0   0   0   0   0   0   0   1   0   0    30688.48   0.0000   0.0003    0.0000   0.0000     0.0001
  54   0   0   1  -1   1   0   0  -1   0   0   0  -1   0   0   -30788.86   0.0000   0.0004    0.0002   0.0000     0.0003
  53  -2   0   2   0   2   0   0  -5   9   0   0   0   0   0    32558.57   0.0000   0.0003    0.0000   0.0000     0.0001
  52  -2   0   0   2   0   0   0   2   0  -2  -2   0   0   0   -34711.74   0.0004   0.0000    0.0000   0.0000     0.0002
  51  -1   0   0   1   0   0   3  -4   0   0   0   0   0   0   -34989.31   0.0000   0.0131    0.0000   0.0000     0.0052
  50  -1   0   1   0   1   0   3  -5   0   0   0   0   0   0   -35119.86  -0.0003   0.0000    0.0000   0.0002     0.0002
  49   0   0   1  -1   2   0   0  -2   2   0   0   0   0   0    37731.74   0.0000   0.0015    0.0007   0.0000     0.0009
  48   0   0   0   0   1   0   0  -1   2   0   0   0   0   0    37883.60  -0.0460  -0.0435   -0.0232   0.0246     0.0422
  47   0   0  -1   1   0   0   0   0   2   0   0   0   0   0    38036.68   0.0266  -0.0078    0.0000   0.0000     0.0111
  46  -2   0   0   2   0   0   0   2   0  -4   3   0   0   0   -38896.89  -0.0006  -0.0009    0.0000   0.0000     0.0004
  45   0   0   0   0   1   0   3  -5   0   2   0   0   0   0   -42727.33   0.0013   0.0000    0.0000  -0.0007     0.0009
  44  -2   0   0   2   0   0   0   2   0  -3   1   0   0   0    52048.38   0.0015   0.0000    0.0000   0.0000     0.0006
  43  -2   0   0   2   2   0   3  -3   0   0   0   0   0   0   -74517.08   0.0006   0.0000    0.0000  -0.0003     0.0004
  42  -2   0   0   2   1   0   0   2   0  -4   5   0   0   0    76428.18  -0.0005   0.0000    0.0000   0.0003     0.0004
  41   0   0   0   0   0   0   8 -13   0   0   0   0   0   1    86464.27   0.0005  -0.0006    0.0003   0.0003     0.0005
  40   0   0   1  -1   1   0   8 -14   0   0   0   0   0   0    86463.79   0.0011  -0.0012   -0.0007  -0.0006     0.0011
  39   0   0   0   0   0   0   8 -13   0   0   0   0   0   0    87265.40   0.0235   0.0334    0.0000   0.0000     0.0163
  38   0   0   1  -1   1   0  -8  12   0   0   0   0   0   0   -88082.01   0.1200   0.0598    0.0319  -0.0641     0.0895
  37   0   0   0   0   0   0  -8  13   0   0   0   0   0   1   -88081.52   0.0425   0.0212   -0.0133   0.0269     0.0355
  36   0   0   2  -2   2   0  -8  11   0   0   0   0   0   0   -88914.06   0.0000   0.0015    0.0006   0.0000     0.0008
  35   0   0   0   0   0   0  -8  13   0   0   0   0   0   2   -88913.04  -0.0041   0.0175    0.0076   0.0017     0.0106
  34  -1   0   0   1   1   0   0   2  -2   0   0   0   0   0   -88997.81   0.0005   0.0000    0.0000  -0.0003     0.0004
  33  -1   0   1  -1   1   0  18 -17   0   0   0   0   0   0    98682.30   0.0000  -0.0006   -0.0003   0.0000     0.0004
  32  -2   0   1   1   2   0   0   1   0  -2   0   0   0   0    99100.94   0.0000  -0.0008   -0.0002   0.0000     0.0004
  31  -1   0   0   0   0   0  18 -16   0   0   0   0   0   0    99727.85   0.0226   0.0101    0.0000   0.0000     0.0099
  30  -2   0   0   2   1   0   0   2   0  -2   0   0   0   0   100155.42   0.0284   0.0000    0.0000  -0.0151     0.0189
  29   0   0  -1   1   0   0   0   1   0   1  -1   0   0   0  -107127.72   0.0000   0.0024    0.0000   0.0000     0.0010
  28   0   0   0   0   0   0   3  -7   4   0   0   0   0   0   110464.01  -0.0007   0.0000    0.0000   0.0000     0.0003
  27  -2   0   0   2   1   0   0   2   0   0  -5   0   0   0   145247.83   0.0012   0.0000    0.0000  -0.0006     0.0008
  26   0   0   1  -1   1   0   0  -1   0  -4  10   0   0   0   158588.31   0.0009  -0.0027   -0.0014  -0.0005     0.0019
  25   1   0   0  -1   1   0   0  -1   0   2   0   0   0   0   193201.80  -0.0026  -0.0029   -0.0016   0.0014     0.0026
  24   0   0   1  -1   1   0   2  -4   0  -3   0   0   0   0  -199810.80   0.0000  -0.0013   -0.0007   0.0000     0.0009
  23   1   0   0  -2   0   0  19 -21   3   0   0   0   0   0  -209413.55   0.0103  -0.0060    0.0000   0.0000     0.0048
  22   2   0  -1  -1   0   0   0   3  -7   0   0   0   0   0  -237473.71   0.0026  -0.0009    0.0000   0.0000     0.0011
  21   0   0   0   0   0   0   0   0   0  -2   5   0   0   2   301927.96   0.0011  -0.0024   -0.0011  -0.0009     0.0018
  20   0   0   0   0   0   0   0   0   0  -2   5   0   0   1   311927.52  -0.1444   0.2409   -0.1286  -0.0771     0.1874
  19   0   0   1  -1   1   0   0  -1   0  -2   5   0   0   0   311921.26  -0.3084   0.5123    0.2735   0.1647     0.3989
  18   0   0   0   0   0   0   0   0   0   2  -5   0   0   0  -322612.12  -0.0491   0.0128    0.0000   0.0000     0.0203
  17   0   0   1  -1   1   0   0  -1   0   2  -5   0   0   0  -334061.84   0.0031  -0.0481   -0.0257  -0.0017     0.0322
  16   0   0   0   0   0   0   0   0   0   2  -5   0   0   1  -334054.65   0.0014  -0.0218    0.0117   0.0008     0.0146
  15   0   0   0   0   0   0   0   0   0   2  -5   0   0   2  -346338.73  -0.0012   0.0000    0.0000   0.0000     0.0005
  14   0   0   0   0   0   0  -5   6   4   0   0   0   0   2  -455742.40   0.0003   0.0000    0.0000   0.0000     0.0001
  13   0   0   0   0   0   0   0   4  -8   1   5   0   0   2   562786.50   0.0000   0.0006    0.0002   0.0000     0.0003
  12   0   0   0   0   0   0   0  -4   8  -3   0   0   0   1   609254.22  -0.0003   0.0000    0.0000   0.0002     0.0002
  11   0   0   1  -1   1   0   0  -5   8  -3   0   0   0   0   609230.33   0.0099   0.0000    0.0000  -0.0053     0.0066
  10   0   0   0   0   0   0   0   4  -8   3   0   0   0   0  -651391.30  -0.0462   0.1604    0.0000   0.0000     0.0668
   9   0   0   0   0   0   0   0   0   0  -2   6  -3   0   2  -666209.90  -0.0003   0.0000    0.0000   0.0000     0.0001
   8  -1   0   0   0   0   0  10  -3   0   0   0   0   0   0  -698321.32  -0.0219   0.0089    0.0000   0.0000     0.0095
   7   0   0   1  -1   1   0   0   3  -8   3   0   0   0   0  -699821.51  -0.0114   0.0000    0.0000   0.0061     0.0076
   6   0   0   0   0   0   0   0   4  -8   3   0   0   0   1  -699789.98   0.0003   0.0000    0.0000  -0.0002     0.0002
   5   0   0   0   0   0   0   0  -4   8  -1  -5   0   0   2  -739551.32   0.0003  -0.0007   -0.0003   0.0000     0.0004
   4   0   0   0   0   0   0   0   0   0   0   0  -1   2   2  1170120.04   0.0000   0.0005    0.0000   0.0000     0.0002
   3   0   0   0   0   0   0   0   8 -16   4   5   0   0   2  4137408.11   0.0125  -0.0043    0.0000  -0.0054     0.0076
   2   0   0   0   0   0   0   0  -8  16  -4  -5   0   0   2  5464350.67   0.0056  -0.0117   -0.0042  -0.0040     0.0078
   1   0   0   0   0   0   0   0   8 -16   4   5   0   0   0 34075700.82   0.1440   0.0000    0.0000   0.0000     0.0576
