The following table has been slightly edited from the original IERS document.
The changes are that the two sub-tables 8.3a and 8.3b have been merged, and
that the LOD columns have been removed as the corresponding values are computed by
analytical differentiation from the UT1 values.

Table 8.3(a+b): Coefficients of sin(argument) and cos(argument) of diurnal variations in UT1 and LOD
                caused by ocean tides. The units are μs; χ denotes GMST+ π.


-------------------------------------------------------------------------------
       |          Argument           |  Doodson  |   Period   |       UT1      
 Tide  |    χ   l   l'   F   D   Ω   |   number  |   (days)   |   sin     cos  
-------------------------------------------------------------------------------
            1  -1   0   -2  -2  -2      117.655     1.2113611    0.40   -0.08
            1  -2   0   -2   0  -1      125.745     1.1671262    0.19   -0.06
2Q₁         1  -2   0   -2   0  -2      125.755     1.1669259    1.03   -0.31
            1   0   0   -2  -2  -1      127.545     1.1605476    0.22   -0.07
σ₁          1   0   0   -2  -2  -2      127.555     1.1603495    1.19   -0.39
            1  -1   0   -2   0  -1      135.645     1.1196993    0.97   -0.47
Q₁          1  -1   0   -2   0  -2      135.655     1.1195148    5.12   -2.50
            1   1   0   -2  -2  -1      137.445     1.1136429    0.17   -0.09
RO₁         1   1   0   -2  -2  -2      137.455     1.1134606    0.91   -0.47
            1   0   0   -2   0   0      145.535     1.0761465   -0.09    0.07
            1   0   0   -2   0  -1      145.545     1.0759762    3.03   -2.28
O₁          1   0   0   -2   0  -2      145.555     1.0758059   16.02  -12.07
            1  -2   0    0   0   0      145.755     1.0750901   -0.10    0.08
TO₁         1   0   0    0  -2   0      147.555     1.0695055   -0.19    0.15
            1  -1   0   -2   2  -2      153.655     1.0406147   -0.08    0.07
            1   1   0   -2   0  -1      155.445     1.0355395   -0.06    0.05
            1   1   0   -2   0  -2      155.455     1.0353817   -0.31    0.27
M₁          1  -1   0    0   0   0      155.655     1.0347187   -0.86    0.75
            1  -1   0    0   0  -1      155.665     1.0345612   -0.17    0.15
χ₁          1   1   0    0  -2   0      157.455     1.0295447   -0.16    0.14
π₁          1   0  -1   -2   2  -2      162.556     1.0055058    0.31   -0.19
            1   0   0   -2   2  -1      163.545     1.0028933   -0.06    0.03
P₁          1   0   0   -2   2  -2      163.555     1.0027454    5.51   -3.10
            1   0   1   -2   2  -2      164.554     1.0000001   -0.05    0.02
S₁          1   0  -1    0   0   0      164.556     0.9999999   -0.13    0.07
            1   0   0    0   0   1      165.545     0.9974159    0.35   -0.17
K₁          1   0   0    0   0   0      165.555     0.9972695  -17.62    8.55
            1   0   0    0   0  -1      165.565     0.9971233   -2.39    1.16
            1   0   0    0   0  -2      165.575     0.9969771    0.05   -0.03
ψ₁          1   0   1    0   0   0      166.554     0.9945541   -0.14    0.06
φ₁          1   0   0    2  -2   2      167.555     0.9918532   -0.27    0.11
TT₁         1  -1   0    0   2   0      173.655     0.9669565   -0.29    0.04
J₁          1   1   0    0   0   0      175.455     0.9624365   -1.61    0.19
            1   1   0    0   0  -1      175.465     0.9623003   -0.32    0.04
Sₒ₁         1   0   0    0   2   0      183.555     0.9341741   -0.41   -0.01
            1   2   0    0   0   0      185.355     0.9299547   -0.21   -0.01
Oₒ₁         1   0   0    2   0   2      185.555     0.9294198   -1.44   -0.04
            1   0   0    2   0   1      185.565     0.9292927   -0.92   -0.02
            1   0   0    2   0   0      185.575     0.9291657   -0.19    0.00
ν₁          1   1   0    2   0   2      195.455     0.8990932   -0.40   -0.02
            1   1   0    2   0   1      195.465     0.8989743   -0.25   -0.02
            2  -3   0   -2   0  -2      225.855     0.5484264   -0.09   -0.01
            2  -1   0   -2  -2  -2      227.655     0.5469695   -0.22   -0.03
2N₂         2  -2   0   -2   0  -2      235.755     0.5377239   -0.64   -0.18
μ₂          2   0   0   -2  -2  -2      237.555     0.5363232   -0.74   -0.22
            2   0   1   -2  -2  -2      238.554     0.5355369   -0.05   -0.02
            2  -1  -1   -2   0  -2      244.656     0.5281939    0.03    0.01
            2  -1   0   -2   0  -1      245.645     0.5274721    0.14    0.06
N₂          2  -1   0   -2   0  -2      245.655     0.5274312   -3.79   -1.56
            2  -1   1   -2   0  -2      246.654     0.5266707   -0.03   -0.01
ν₂          2   1   0   -2  -2  -2      247.455     0.5260835   -0.70   -0.30
            2   1   1   -2  -2  -2      248.454     0.5253269   -0.03   -0.01
            2  -2   0   -2   2  -2      253.755     0.5188292    0.05    0.02
            2   0  -1   -2   0  -2      254.556     0.5182593    0.06    0.03
            2   0   0   -2   0  -1      255.545     0.5175645    0.60    0.27
M₂          2   0   0   -2   0  -2      255.555     0.5175251  -16.19   -7.15
            2   0   1   -2   0  -2      256.554     0.5167928   -0.05   -0.02
λ₂          2  -1   0   -2   2  -2      263.655     0.5092406    0.11    0.03
L₂          2   1   0   -2   0  -2      265.455     0.5079842    0.42    0.12
            2  -1   0    0   0   0      265.655     0.5078245   -0.11   -0.03
            2  -1   0    0   0  -1      265.665     0.5077866   -0.05   -0.01
T₂          2   0  -1   -2   2  -2      272.556     0.5006854   -0.44   -0.02
S₂          2   0   0   -2   2  -2      273.555     0.5000000   -7.55   -0.16
R₂          2   0   1   -2   2  -2      274.554     0.4993165    0.06    0.00
            2   0   0    0   0   1      275.545     0.4986714    0.03    0.00
K₂          2   0   0    0   0   0      275.555     0.4986348   -2.10    0.04
            2   0   0    0   0  -1      275.565     0.4985982   -0.63    0.01
            2   0   0    0   0  -2      275.575     0.4985616   -0.07    0.00
            2   1   0    0   0   0      285.455     0.4897717   -0.15    0.04
            2   1   0    0   0  -1      285.465     0.4897365   -0.06    0.02
            2   0   0    2   0   2      295.555     0.4810750   -0.05    0.02
         