Expression for the Y coordinate of the CIP in the GCRS based on the IAU2000B 
precession-nutation model 

--------------------------------------------------------------------------------------------------------------

Y = polynomial part + non-polynomial part

--------------------------------------------------------------------------------------------------------------

Polynomial part (unit microarcsecond)

  -6950.78 - 25381.99 t - 22407250.99 t^2 + 1842.28 t^3 + 1113.06 t^4 + 0.99 t^5

--------------------------------------------------------------------------------------------------------------

Non-polynomial part (unit microarcsecond)
(ARG being for various combination of the fundamental arguments of the nutation theory)

  Sum_i[b_{c,0})_i * cos(ARG) + b_{s,0})_i * sin(ARG)] 

+ Sum_i)j=1,4 [b_{c,j})_i * t^j * cos(ARG) + b_{s,j})_i * sin(ARG)] * t^j]

The Table below provides the values for b_{s,j})_i and b_{c,j})_i

The expressions for the fundamental arguments appearing in columns 4 to 8 (luni-solar part) 
and in columns 6 to 17 (planetary part) are those of the IERS Conventions 2000

--------------------------------------------------------------------------------------------------------------

    i    b_{s,j})_i      b_{c,j})_i    l    l'   F    D   Om L_Me L_Ve  L_E L_Ma  L_J L_Sa  L_U L_Ne  p_A

--------------------------------------------------------------------------------------------------------------

j = 0  Nb of terms = 76

    1        1538.18     9205236.26    0    0    0    0    1    0    0    0    0    0    0    0    0    0
    2        -458.66      573033.42    0    0    2   -2    2    0    0    0    0    0    0    0    0    0
    3         137.41       97846.69    0    0    2    0    2    0    0    0    0    0    0    0    0    0
    4         -29.05      -89618.24    0    0    0    0    2    0    0    0    0    0    0    0    0    0
    5        -192.40        7387.02    0    1    0    0    0    0    0    0    0    0    0    0    0    0
    6         -17.40       22438.42    0    1    2   -2    2    0    0    0    0    0    0    0    0    0
    7          35.80        -674.99    1    0    0    0    0    0    0    0    0    0    0    0    0    0
    8          31.80       20069.50    0    0    2    0    1    0    0    0    0    0    0    0    0    0
    9          36.70       12902.66    1    0    2    0    2    0    0    0    0    0    0    0    0    0
   10         -13.20       -9592.72    0    1   -2    2   -2    0    0    0    0    0    0    0    0    0
   11           3.92       -6918.22    0    0    2   -2    1    0    0    0    0    0    0    0    0    0
   12           0.40       -5331.13    1    0   -2    0   -2    0    0    0    0    0    0    0    0    0
   13          -8.20        -123.48    1    0    0   -2    0    0    0    0    0    0    0    0    0    0
   14          -0.90       -3323.89    1    0    0    0    1    0    0    0    0    0    0    0    0    0
   15           7.50        3143.98    1    0    0    0   -1    0    0    0    0    0    0    0    0    0
   16          -6.60        2554.51    1    0   -2   -2   -2    0    0    0    0    0    0    0    0    0
   17           7.80        2636.13    1    0    2    0    1    0    0    0    0    0    0    0    0    0
   18          -2.00       -2423.59    2    0   -2    0   -1    0    0    0    0    0    0    0    0    0
   19           2.90        -122.28    0    0    0    2    0    0    0    0    0    0    0    0    0    0
   20           6.80        1645.01    0    0    2    2    2    0    0    0    0    0    0    0    0    0
   21           0.00       -1387.00    0    2   -2    2   -2    0    0    0    0    0    0    0    0    0
   22           2.50          47.70    2    0    0   -2    0    0    0    0    0    0    0    0    0    0
   23           5.90        1323.81    2    0    2    0    2    0    0    0    0    0    0    0    0    0
   24          -0.30       -1233.89    1    0    2   -2    2    0    0    0    0    0    0    0    0    0
   25           0.30       -1075.60    1    0   -2    0   -1    0    0    0    0    0    0    0    0    0
   26           1.30         -60.90    2    0    0    0    0    0    0    0    0    0    0    0    0    0
   27           1.10         -55.55    0    0    2    0    0    0    0    0    0    0    0    0    0    0
   28          -4.48         852.85    0    1    0    0    1    0    0    0    0    0    0    0    0    0
   29           0.10        -800.34    1    0    0   -2   -1    0    0    0    0    0    0    0    0    0
   30          -0.50         684.99    0    2    2   -2    2    0    0    0    0    0    0    0    0    0
   31          -1.30         -16.26    0    0    2   -2    0    0    0    0    0    0    0    0    0    0
   32          -1.40         695.54    1    0    0   -2    1    0    0    0    0    0    0    0    0    0
   33          -2.62         643.75    0    1    0    0   -1    0    0    0    0    0    0    0    0    0
   34          -1.50         522.11    1    0   -2   -2   -1    0    0    0    0    0    0    0    0    0
   35           1.00          16.81    0    2    0    0    0    0    0    0    0    0    0    0    0    0
   36           1.90         326.60    1    0    2    2    2    0    0    0    0    0    0    0    0    0
   37          -0.20          10.47    2    0   -2    0    0    0    0    0    0    0    0    0    0    0
   38          -0.50        -325.03    0    1    2    0    2    0    0    0    0    0    0    0    0    0
   39           1.40         335.24    0    0    2    2    1    0    0    0    0    0    0    0    0    0
   40          -0.40         307.03    0    1   -2    0   -2    0    0    0    0    0    0    0    0    0
   41           0.40         327.11    0    0    0    2    1    0    0    0    0    0    0    0    0    0
   42          -0.10        -304.46    1    0    2   -2    1    0    0    0    0    0    0    0    0    0
   43          -0.40        -276.81    2    0    2   -2    2    0    0    0    0    0    0    0    0    0
   44           0.50         304.17    2    0    0   -2   -1    0    0    0    0    0    0    0    0    0
   45           1.20         269.45    2    0    2    0    1    0    0    0    0    0    0    0    0    0
   46           0.30         272.22    0    1   -2    2   -1    0    0    0    0    0    0    0    0    0
   47           0.90         272.05    0    0    0    2   -1    0    0    0    0    0    0    0    0    0
   48          -0.40          -5.10    1    1    0   -2    0    0    0    0    0    0    0    0    0    0
   49           0.10        -220.67    2    0    0   -2    1    0    0    0    0    0    0    0    0    0
   50           0.20         -19.94    1    0    0    2    0    0    0    0    0    0    0    0    0    0
   51           0.10        -190.79    0    1    2   -2    1    0    0    0    0    0    0    0    0    0
   52           0.30          -4.11    1   -1    0    0    0    0    0    0    0    0    0    0    0    0
   53           0.10         131.04    2    0   -2    0   -2    0    0    0    0    0    0    0    0    0
   54           0.70         123.20    3    0    2    0    2    0    0    0    0    0    0    0    0    0
   55          -0.20          -8.11    0    1    0   -2    0    0    0    0    0    0    0    0    0    0
   56           0.40         123.20    1   -1    2    0    2    0    0    0    0    0    0    0    0    0
   57          -0.20          -2.00    0    0    0    1    0    0    0    0    0    0    0    0    0    0
   58          -0.30         120.70    1    1   -2   -2   -2    0    0    0    0    0    0    0    0    0
   59           0.20           4.03    1    0   -2    0    0    0    0    0    0    0    0    0    0    0
   60          -0.50         112.90    0    1   -2   -2   -2    0    0    0    0    0    0    0    0    0
   61          -0.30        -106.20    1    1    2    0    2    0    0    0    0    0    0    0    0    0
   62          -0.20        -112.94    2    0    0    0    1    0    0    0    0    0    0    0    0    0
   63           0.00          -0.90    1   -1    0   -1    0    0    0    0    0    0    0    0    0    0
   64          -0.20           3.51    1    1    0    0    0    0    0    0    0    0    0    0    0    0
   65           0.10         -10.77    1    0    2    0    0    0    0    0    0    0    0    0    0    0
   66           0.20         107.31    1    0   -2    2   -1    0    0    0    0    0    0    0    0    0
   67           0.00          85.32    1    0    0    0    2    0    0    0    0    0    0    0    0    0
   68          13.90         -55.30    1    0    0   -1    0    0    0    0    0    0    0    0    0    0
   69          -0.20         -71.00    0    0    2    1    2    0    0    0    0    0    0    0    0    0
   70          -0.40          64.70    1    0   -2   -4   -2    0    0    0    0    0    0    0    0    0
   71           0.00         -70.01    1   -1    0   -1   -1    0    0    0    0    0    0    0    0    0
   72           0.00          67.25    0    2   -2    2   -1    0    0    0    0    0    0    0    0    0
   73           0.40          66.29    1    0    2    2    1    0    0    0    0    0    0    0    0    0
   74           0.20         -59.20    2    0   -2   -2   -2    0    0    0    0    0    0    0    0    0
   75          -0.20         -60.92    1    0    0    0   -2    0    0    0    0    0    0    0    0    0
   76           0.00         -55.60    1    1    2   -2    2    0    0    0    0    0    0    0    0    0

j = 1  Nb of terms = 1

   77          -2.04           0.01    2    0    0    0   -1    0    0    0    0    0    0    0    0    0
