MODELE DTM - FROM SOLUTION : sol_dtm2000                                                                     
  93   9  TT                    H                     He                    O                     N2                    O2                                                                              
   1 0.100000E+04 0.00E+00 0.176100E+06 0.00E+00 0.331584E+08 0.00E+00 0.932448E+11 0.00E+00 0.311765E+12 0.80E+09 0.477500E+11 0.00E+00 0.000000E+00 0.00E+00 0.380000E+03 0.00E+00 0.138000E+02 0.00E+00
   2-0.983588E-02 0.00E+00-0.133700E+00 0.00E+00 0.523068E-01 0.00E+00-0.287980E+00 0.00E+00-0.294207E+00 0.27E-02 0.000000E+00 0.00E+00 0.000000E+00 0.00E+00 0.296070E+02 0.00E+00 0.100000E+01 0.00E+00
   3-0.427970E-02 0.00E+00 0.000000E+00 0.00E+00 0.454548E-01 0.00E+00 0.218376E+00 0.00E+00 0.248966E+00 0.22E-02 0.000000E+00 0.00E+00 0.000000E+00 0.00E+00-0.426690E+02 0.00E+00 0.526080E+00 0.00E+00
   4 0.209845E-02 0.00E+00-0.124600E-01 0.00E+00-0.334010E-03 0.00E+00 0.115983E-02 0.00E+00 0.187282E-02 0.42E-04 0.000000E+00 0.00E+00 0.000000E+00 0.00E+00 0.000000E+00 0.00E+00 0.000000E+00 0.00E+00
   5-0.798999E-05 0.00E+00 0.000000E+00 0.00E+00 0.636837E-05 0.00E+00 0.372854E-05 0.00E+00-0.350392E-04 0.16E-05 0.000000E+00 0.00E+00 0.000000E+00 0.00E+00 0.000000E+00 0.00E+00 0.000000E+00 0.00E+00
   6 0.357000E-02 0.00E+00-0.193000E-01 0.00E+00 0.163046E-02 0.00E+00 0.623598E-02 0.75E-05 0.296074E-02 0.17E-04 0.000000E+00 0.00E+00 0.000000E+00 0.00E+00 0.000000E+00 0.00E+00 0.000000E+00 0.00E+00
   7 0.238664E-01 0.00E+00-0.600000E-01 0.00E+00 0.205584E-01 0.00E+00-0.178994E-01 0.00E+00-0.198312E-01 0.18E-02 0.000000E+00 0.00E+00 0.000000E+00 0.00E+00 0.000000E+00 0.00E+00 0.000000E+00 0.00E+00
   8 0.232830E-01 0.00E+00-0.200000E-02 0.00E+00-0.158446E+00 0.00E+00-0.104188E+00 0.00E+00 0.333714E-01 0.83E-03 0.000000E+00 0.00E+00 0.000000E+00 0.00E+00 0.000000E+00 0.00E+00 0.000000E+00 0.00E+00
   9-0.994306E-02 0.00E+00 0.587800E-01 0.00E+00-0.698963E-01 0.00E+00 0.842553E-01 0.00E+00-0.122320E+00 0.93E-03 0.000000E+00 0.00E+00 0.000000E+00 0.00E+00 0.000000E+00 0.00E+00 0.000000E+00 0.00E+00
  10-0.217095E-02 0.00E+00 0.000000E+00 0.00E+00 0.120921E-01 0.00E+00 0.378191E-02 0.00E+00-0.150340E-01 0.18E-02 0.000000E+00 0.00E+00 0.000000E+00 0.00E+00 0.000000E+00 0.00E+00 0.000000E+00 0.00E+00
  11-0.192701E+03 0.00E+00 0.922700E+02 0.00E+00 0.204997E+03 0.00E+00 0.122797E+02 0.00E+00 0.200049E+03 0.27E+01 0.000000E+00 0.00E+00 0.000000E+00 0.00E+00-0.210000E+03 0.00E+00 0.000000E+00 0.00E+00
  12 0.145636E-01 0.00E+00 0.000000E+00 0.00E+00 0.246823E+00 0.00E+00 0.152219E+00 0.00E+00 0.324835E-01 0.00E+00 0.000000E+00 0.00E+00 0.000000E+00 0.00E+00 0.000000E+00 0.00E+00 0.000000E+00 0.00E+00
  13 0.244254E-01 0.00E+00 0.000000E+00 0.00E+00-0.113725E+00 0.00E+00-0.965232E-01 0.00E+00 0.565000E-01 0.00E+00 0.000000E+00 0.00E+00 0.000000E+00 0.00E+00 0.000000E+00 0.00E+00 0.000000E+00 0.00E+00
  14-0.905863E+02 0.00E+00 0.000000E+00 0.00E+00 0.107118E+03 0.00E+00 0.106514E+03 0.00E+00 0.882025E+02 0.00E+00 0.000000E+00 0.00E+00 0.000000E+00 0.00E+00-0.760000E+02 0.00E+00 0.000000E+00 0.00E+00
  15-0.163755E+00 0.00E+00 0.330100E+00 0.00E+00-0.123618E+01 0.00E+00 0.299127E+00 0.00E+00 0.217419E+00 0.19E-02 0.000000E+00 0.00E+00 0.000000E+00 0.00E+00 0.000000E+00 0.00E+00 0.000000E+00 0.00E+00
  16-0.349821E-01 0.00E+00 0.104500E+00 0.00E+00-0.274849E-01 0.00E+00 0.228103E-01 0.00E+00 0.686069E-01 0.21E-02 0.000000E+00 0.00E+00 0.000000E+00 0.00E+00 0.000000E+00 0.00E+00 0.000000E+00 0.00E+00
  17 0.498470E-02 0.00E+00 0.000000E+00 0.00E+00 0.247737E-01 0.00E+00-0.179252E+00 0.00E+00 0.127744E+00 0.22E-02 0.000000E+00 0.00E+00 0.000000E+00 0.00E+00 0.000000E+00 0.00E+00 0.000000E+00 0.00E+00
  18-0.881370E+01 0.00E+00-0.147700E+02 0.00E+00-0.189859E+03 0.00E+00-0.955908E+01 0.00E+00-0.202810E+03 0.45E+00 0.000000E+00 0.00E+00 0.000000E+00 0.00E+00-0.360000E+01 0.00E+00 0.000000E+00 0.00E+00
  19-0.285799E-01 0.00E+00-0.906500E-01 0.00E+00-0.370122E-01 0.00E+00-0.677811E-01 0.00E+00 0.878613E-01 0.19E-02 0.000000E+00 0.00E+00 0.000000E+00 0.00E+00 0.000000E+00 0.00E+00 0.000000E+00 0.00E+00
  20-0.175040E+03 0.00E+00-0.720000E+02 0.00E+00-0.270077E+03 0.00E+00 0.906251E+02 0.00E+00 0.482895E+02 0.98E+00 0.000000E+00 0.00E+00 0.000000E+00 0.00E+00-0.174000E+03 0.00E+00 0.000000E+00 0.00E+00
  21-0.996766E-01 0.00E+00 0.209400E+00 0.00E+00-0.118831E+00 0.00E+00-0.108982E+00 0.00E+00 0.175436E-01 0.12E-02 0.000000E+00 0.00E+00 0.000000E+00 0.00E+00 0.000000E+00 0.00E+00 0.000000E+00 0.00E+00
  22-0.440840E-02 0.00E+00 0.283000E-01 0.00E+00-0.845634E-02 0.00E+00-0.274065E-02 0.00E+00-0.170819E-01 0.73E-03 0.000000E+00 0.00E+00 0.000000E+00 0.00E+00 0.000000E+00 0.00E+00 0.000000E+00 0.00E+00
  23 0.381149E-02 0.00E+00 0.000000E+00 0.00E+00-0.196837E-01 0.00E+00-0.141196E-01 0.00E+00-0.979005E-02 0.57E-03 0.000000E+00 0.00E+00 0.000000E+00 0.00E+00 0.000000E+00 0.00E+00 0.000000E+00 0.00E+00
  24-0.681172E-02 0.00E+00 0.857100E-01 0.00E+00-0.264094E-01 0.00E+00 0.144857E-01 0.00E+00-0.415792E-01 0.16E-02 0.000000E+00 0.00E+00 0.000000E+00 0.00E+00 0.000000E+00 0.00E+00 0.000000E+00 0.00E+00
  25-0.987117E-04 0.00E+00-0.247500E-01 0.00E+00-0.560506E-01 0.00E+00 0.488488E-01 0.00E+00-0.322765E-01 0.16E-02 0.000000E+00 0.00E+00 0.000000E+00 0.00E+00 0.000000E+00 0.00E+00 0.000000E+00 0.00E+00
  26-0.104612E+00 0.00E+00 0.383000E+00 0.00E+00 0.345998E+00 0.00E+00 0.239501E-01 0.00E+00 0.150804E-01 0.11E-02 0.000000E+00 0.00E+00 0.000000E+00 0.00E+00 0.000000E+00 0.00E+00 0.000000E+00 0.00E+00
  27 0.313621E-02 0.00E+00 0.294100E-01 0.00E+00-0.166995E-01 0.00E+00-0.331782E-01 0.00E+00-0.282882E-01 0.60E-03 0.000000E+00 0.00E+00 0.000000E+00 0.00E+00 0.000000E+00 0.00E+00 0.000000E+00 0.00E+00
  28 0.506887E-02 0.00E+00 0.000000E+00 0.00E+00-0.261344E-01 0.00E+00-0.129521E-01 0.00E+00 0.248187E-01 0.46E-03 0.000000E+00 0.00E+00 0.000000E+00 0.00E+00 0.000000E+00 0.00E+00 0.000000E+00 0.00E+00
  29 0.712366E-02 0.00E+00-0.397400E-02 0.00E+00-0.883044E-02 0.00E+00-0.479795E-01 0.00E+00 0.124154E-01 0.13E-02 0.000000E+00 0.00E+00 0.000000E+00 0.00E+00 0.000000E+00 0.00E+00 0.000000E+00 0.00E+00
  30-0.442875E-02 0.00E+00 0.435600E-01 0.00E+00-0.920895E-01 0.00E+00 0.572780E-01 0.00E+00 0.165219E-01 0.11E-02 0.000000E+00 0.00E+00 0.000000E+00 0.00E+00 0.000000E+00 0.00E+00 0.000000E+00 0.00E+00
  31-0.170356E-02 0.00E+00 0.000000E+00 0.00E+00 0.679409E-02 0.00E+00 0.933293E-02 0.00E+00-0.156727E-01 0.36E-03 0.000000E+00 0.00E+00 0.000000E+00 0.00E+00-0.497800E+00 0.00E+00 0.286232E+00 0.00E+00
  32 0.359458E-02 0.00E+00 0.000000E+00 0.00E+00-0.468287E-02 0.00E+00 0.277569E-01 0.00E+00-0.480463E-01 0.35E-03 0.000000E+00 0.00E+00 0.000000E+00 0.00E+00 0.000000E+00 0.00E+00 0.000000E+00 0.00E+00
  33 0.741464E-02 0.00E+00 0.000000E+00 0.00E+00-0.120165E-01 0.00E+00-0.394123E-01 0.00E+00-0.786140E-01 0.37E-03 0.000000E+00 0.00E+00 0.000000E+00 0.00E+00 0.504000E+01 0.00E+00 0.340774E+00 0.00E+00
  34 0.478815E-02 0.00E+00 0.000000E+00 0.00E+00-0.109498E-02 0.00E+00 0.660942E-03 0.00E+00 0.320604E-02 0.38E-03 0.000000E+00 0.00E+00 0.000000E+00 0.00E+00 0.000000E+00 0.00E+00 0.000000E+00 0.00E+00
  35 0.799172E-03 0.00E+00 0.000000E+00 0.00E+00 0.219072E-02 0.00E+00-0.929781E-03 0.00E+00-0.520828E-02 0.16E-03 0.000000E+00 0.00E+00 0.000000E+00 0.00E+00 0.000000E+00 0.00E+00 0.000000E+00 0.00E+00
  36 0.123403E-02 0.00E+00 0.000000E+00 0.00E+00-0.275103E-02 0.00E+00-0.152150E-02 0.00E+00 0.500754E-02 0.16E-03 0.000000E+00 0.00E+00 0.000000E+00 0.00E+00 0.000000E+00 0.00E+00 0.000000E+00 0.00E+00
  37-0.123089E-02 0.00E+00 0.000000E+00 0.00E+00-0.114658E-02 0.00E+00 0.613605E-02 0.00E+00 0.836250E-02 0.19E-03 0.000000E+00 0.00E+00 0.000000E+00 0.00E+00-0.604000E+00 0.00E+00 0.623330E-01 0.00E+00
  38-0.303046E-03 0.00E+00 0.000000E+00 0.00E+00 0.439361E-03 0.00E+00 0.144043E-02 0.00E+00 0.703405E-02 0.22E-03 0.000000E+00 0.00E+00 0.000000E+00 0.00E+00-0.519000E+00 0.00E+00 0.478210E-01 0.00E+00
  39 0.000000E+00 0.00E+00 0.000000E+00 0.00E+00 0.000000E+00 0.00E+00 0.000000E+00 0.00E+00 0.000000E+00 0.00E+00 0.000000E+00 0.00E+00 0.000000E+00 0.00E+00 0.000000E+00 0.00E+00 0.000000E+00 0.00E+00
  40 0.000000E+00 0.00E+00 0.000000E+00 0.00E+00 0.000000E+00 0.00E+00 0.000000E+00 0.00E+00 0.000000E+00 0.00E+00 0.000000E+00 0.00E+00 0.000000E+00 0.00E+00 0.000000E+00 0.00E+00 0.000000E+00 0.00E+00
  41 0.000000E+00 0.00E+00 0.000000E+00 0.00E+00 0.000000E+00 0.00E+00 0.000000E+00 0.00E+00 0.000000E+00 0.00E+00 0.000000E+00 0.00E+00 0.000000E+00 0.00E+00 0.000000E+00 0.00E+00 0.000000E+00 0.00E+00
  42 0.000000E+00 0.00E+00 0.000000E+00 0.00E+00 0.000000E+00 0.00E+00 0.000000E+00 0.00E+00 0.000000E+00 0.00E+00 0.000000E+00 0.00E+00 0.000000E+00 0.00E+00 0.000000E+00 0.00E+00 0.000000E+00 0.00E+00
  43 0.000000E+00 0.00E+00 0.000000E+00 0.00E+00 0.000000E+00 0.00E+00 0.000000E+00 0.00E+00 0.000000E+00 0.00E+00 0.000000E+00 0.00E+00 0.000000E+00 0.00E+00 0.000000E+00 0.00E+00 0.000000E+00 0.00E+00
  44 0.000000E+00 0.00E+00 0.000000E+00 0.00E+00 0.000000E+00 0.00E+00 0.000000E+00 0.00E+00 0.000000E+00 0.00E+00 0.000000E+00 0.00E+00 0.000000E+00 0.00E+00 0.000000E+00 0.00E+00 0.000000E+00 0.00E+00
  45 0.000000E+00 0.00E+00 0.000000E+00 0.00E+00 0.000000E+00 0.00E+00 0.000000E+00 0.00E+00 0.000000E+00 0.00E+00 0.000000E+00 0.00E+00 0.000000E+00 0.00E+00 0.000000E+00 0.00E+00 0.000000E+00 0.00E+00
  46 0.000000E+00 0.00E+00 0.000000E+00 0.00E+00 0.000000E+00 0.00E+00 0.000000E+00 0.00E+00 0.000000E+00 0.00E+00 0.000000E+00 0.00E+00 0.000000E+00 0.00E+00 0.000000E+00 0.00E+00 0.000000E+00 0.00E+00
  47 0.000000E+00 0.00E+00 0.000000E+00 0.00E+00 0.000000E+00 0.00E+00 0.000000E+00 0.00E+00 0.000000E+00 0.00E+00 0.000000E+00 0.00E+00 0.000000E+00 0.00E+00 0.000000E+00 0.00E+00 0.000000E+00 0.00E+00
  48 0.000000E+00 0.00E+00 0.000000E+00 0.00E+00 0.000000E+00 0.00E+00 0.000000E+00 0.00E+00 0.000000E+00 0.00E+00 0.000000E+00 0.00E+00 0.000000E+00 0.00E+00 0.000000E+00 0.00E+00 0.000000E+00 0.00E+00
  49 0.000000E+00 0.00E+00 0.000000E+00 0.00E+00 0.000000E+00 0.00E+00 0.000000E+00 0.00E+00 0.000000E+00 0.00E+00 0.000000E+00 0.00E+00 0.000000E+00 0.00E+00 0.000000E+00 0.00E+00 0.000000E+00 0.00E+00
  50 0.000000E+00 0.00E+00 0.000000E+00 0.00E+00 0.000000E+00 0.00E+00 0.000000E+00 0.00E+00 0.000000E+00 0.00E+00 0.000000E+00 0.00E+00 0.000000E+00 0.00E+00 0.000000E+00 0.00E+00 0.000000E+00 0.00E+00
  51 0.000000E+00 0.00E+00 0.000000E+00 0.00E+00 0.000000E+00 0.00E+00 0.000000E+00 0.00E+00 0.000000E+00 0.00E+00 0.000000E+00 0.00E+00 0.000000E+00 0.00E+00 0.000000E+00 0.00E+00 0.000000E+00 0.00E+00
  52 0.000000E+00 0.00E+00 0.000000E+00 0.00E+00 0.000000E+00 0.00E+00 0.000000E+00 0.00E+00 0.000000E+00 0.00E+00 0.000000E+00 0.00E+00 0.000000E+00 0.00E+00 0.000000E+00 0.00E+00 0.000000E+00 0.00E+00
  53 0.000000E+00 0.00E+00 0.000000E+00 0.00E+00 0.000000E+00 0.00E+00 0.000000E+00 0.00E+00 0.000000E+00 0.00E+00 0.000000E+00 0.00E+00 0.000000E+00 0.00E+00 0.000000E+00 0.00E+00 0.000000E+00 0.00E+00
  54 0.000000E+00 0.00E+00 0.000000E+00 0.00E+00 0.000000E+00 0.00E+00 0.000000E+00 0.00E+00 0.000000E+00 0.00E+00 0.000000E+00 0.00E+00 0.000000E+00 0.00E+00 0.000000E+00 0.00E+00 0.000000E+00 0.00E+00
  55 0.000000E+00 0.00E+00 0.000000E+00 0.00E+00 0.000000E+00 0.00E+00 0.000000E+00 0.00E+00 0.000000E+00 0.00E+00 0.000000E+00 0.00E+00 0.000000E+00 0.00E+00 0.000000E+00 0.00E+00 0.000000E+00 0.00E+00
  56 0.000000E+00 0.00E+00 0.000000E+00 0.00E+00 0.000000E+00 0.00E+00 0.000000E+00 0.00E+00 0.000000E+00 0.00E+00 0.000000E+00 0.00E+00 0.000000E+00 0.00E+00 0.000000E+00 0.00E+00 0.000000E+00 0.00E+00
  57 0.000000E+00 0.00E+00 0.000000E+00 0.00E+00 0.000000E+00 0.00E+00 0.000000E+00 0.00E+00 0.000000E+00 0.00E+00 0.000000E+00 0.00E+00 0.000000E+00 0.00E+00 0.000000E+00 0.00E+00 0.000000E+00 0.00E+00
  58 0.000000E+00 0.00E+00 0.000000E+00 0.00E+00 0.000000E+00 0.00E+00 0.000000E+00 0.00E+00 0.000000E+00 0.00E+00 0.000000E+00 0.00E+00 0.000000E+00 0.00E+00 0.000000E+00 0.00E+00 0.000000E+00 0.00E+00
  59 0.000000E+00 0.00E+00 0.000000E+00 0.00E+00 0.000000E+00 0.00E+00 0.000000E+00 0.00E+00 0.000000E+00 0.00E+00 0.000000E+00 0.00E+00 0.000000E+00 0.00E+00 0.000000E+00 0.00E+00 0.000000E+00 0.00E+00
  60-0.171091E-02 0.00E+00 0.000000E+00 0.00E+00-0.461587E-02 0.00E+00 0.828476E-02 0.00E+00 0.122074E-01 0.49E-03 0.000000E+00 0.00E+00 0.000000E+00 0.00E+00 0.000000E+00 0.00E+00 0.000000E+00 0.00E+00
  61 0.279837E-02 0.00E+00 0.000000E+00 0.00E+00 0.000000E+00 0.00E+00 0.635811E-02 0.00E+00 0.000000E+00 0.00E+00 0.000000E+00 0.00E+00 0.000000E+00 0.00E+00 0.000000E+00 0.00E+00 0.000000E+00 0.00E+00
  62 0.000000E+00 0.00E+00 0.000000E+00 0.00E+00 0.000000E+00 0.00E+00 0.000000E+00 0.00E+00 0.000000E+00 0.00E+00 0.000000E+00 0.00E+00 0.000000E+00 0.00E+00 0.000000E+00 0.00E+00 0.000000E+00 0.00E+00
  63-0.300000E+01 0.00E+00 0.000000E+00 0.00E+00-0.300000E+01 0.00E+00-0.300000E+01 0.00E+00-0.300000E+01 0.00E+00 0.000000E+00 0.00E+00 0.000000E+00 0.00E+00 0.000000E+00 0.00E+00 0.000000E+00 0.00E+00
  64 0.192736E-03 0.00E+00 0.000000E+00 0.00E+00 0.173459E-01 0.00E+00-0.153796E-02 0.00E+00 0.390274E-01 0.72E-03 0.000000E+00 0.00E+00 0.000000E+00 0.00E+00 0.000000E+00 0.00E+00 0.000000E+00 0.00E+00
  65 0.843986E-02 0.00E+00 0.000000E+00 0.00E+00-0.148767E-01 0.00E+00-0.141666E-01 0.00E+00 0.000000E+00 0.00E+00 0.000000E+00 0.00E+00 0.000000E+00 0.00E+00 0.000000E+00 0.00E+00 0.000000E+00 0.00E+00
  66 0.000000E+00 0.00E+00 0.000000E+00 0.00E+00 0.000000E+00 0.00E+00 0.000000E+00 0.00E+00 0.000000E+00 0.00E+00 0.000000E+00 0.00E+00 0.000000E+00 0.00E+00 0.000000E+00 0.00E+00 0.000000E+00 0.00E+00
  67 0.000000E+00 0.00E+00 0.000000E+00 0.00E+00 0.000000E+00 0.00E+00 0.000000E+00 0.00E+00 0.000000E+00 0.00E+00 0.000000E+00 0.00E+00 0.000000E+00 0.00E+00 0.000000E+00 0.00E+00 0.000000E+00 0.00E+00
  68 0.209232E-01 0.00E+00 0.000000E+00 0.00E+00-0.571218E-01 0.00E+00-0.399120E-01 0.00E+00 0.000000E+00 0.00E+00 0.000000E+00 0.00E+00 0.000000E+00 0.00E+00 0.000000E+00 0.00E+00 0.000000E+00 0.00E+00
  69-0.200000E-05 0.00E+00 0.000000E+00 0.00E+00 0.761599E-05 0.00E+00 0.300000E-05 0.00E+00 0.000000E+00 0.00E+00 0.000000E+00 0.00E+00 0.000000E+00 0.00E+00 0.000000E+00 0.00E+00 0.000000E+00 0.00E+00
  70 0.000000E+00 0.00E+00 0.000000E+00 0.00E+00 0.000000E+00 0.00E+00 0.000000E+00 0.00E+00 0.000000E+00 0.00E+00 0.000000E+00 0.00E+00 0.000000E+00 0.00E+00 0.000000E+00 0.00E+00 0.000000E+00 0.00E+00
  71 0.000000E+00 0.00E+00 0.000000E+00 0.00E+00 0.000000E+00 0.00E+00 0.000000E+00 0.00E+00 0.000000E+00 0.00E+00 0.000000E+00 0.00E+00 0.000000E+00 0.00E+00 0.000000E+00 0.00E+00 0.000000E+00 0.00E+00
  72 0.000000E+00 0.00E+00 0.000000E+00 0.00E+00 0.000000E+00 0.00E+00 0.000000E+00 0.00E+00 0.000000E+00 0.00E+00 0.000000E+00 0.00E+00 0.000000E+00 0.00E+00 0.000000E+00 0.00E+00 0.000000E+00 0.00E+00
  73 0.000000E+00 0.00E+00 0.000000E+00 0.00E+00 0.000000E+00 0.00E+00 0.000000E+00 0.00E+00 0.000000E+00 0.00E+00 0.000000E+00 0.00E+00 0.000000E+00 0.00E+00 0.000000E+00 0.00E+00 0.000000E+00 0.00E+00
  74-0.247022E-02 0.00E+00 0.000000E+00 0.00E+00-0.818047E-01 0.00E+00-0.163362E-01 0.00E+00-0.599387E-02 0.00E+00 0.000000E+00 0.00E+00 0.000000E+00 0.00E+00 0.000000E+00 0.00E+00-0.238428E-05 0.00E+00
  75 0.133013E-03 0.00E+00 0.000000E+00 0.00E+00-0.446078E-05 0.00E+00-0.126225E-03 0.00E+00-0.119302E-05 0.90E-05 0.000000E+00 0.00E+00 0.000000E+00 0.00E+00 0.000000E+00 0.00E+00 0.000000E+00 0.00E+00
  76 0.000000E+00 0.00E+00 0.000000E+00 0.00E+00 0.000000E+00 0.00E+00 0.000000E+00 0.00E+00 0.000000E+00 0.00E+00 0.000000E+00 0.00E+00 0.000000E+00 0.00E+00 0.000000E+00 0.00E+00 0.000000E+00 0.00E+00
  77 0.122441E-01 0.00E+00 0.000000E+00 0.00E+00-0.451040E-01 0.00E+00-0.240572E-01 0.00E+00 0.000000E+00 0.00E+00 0.000000E+00 0.00E+00 0.000000E+00 0.00E+00 0.000000E+00 0.00E+00-0.208282E-04 0.00E+00
  78 0.645573E-02 0.00E+00 0.000000E+00 0.00E+00-0.288726E-01 0.00E+00-0.221673E-01 0.00E+00 0.000000E+00 0.00E+00 0.000000E+00 0.00E+00 0.000000E+00 0.00E+00 0.000000E+00 0.00E+00-0.113959E+01 0.00E+00
  79 0.899225E-02 0.00E+00 0.000000E+00 0.00E+00-0.926365E-02 0.00E+00-0.580635E-01 0.00E+00 0.000000E+00 0.00E+00 0.000000E+00 0.00E+00 0.000000E+00 0.00E+00-0.793670E+01 0.00E+00 0.155486E+01 0.00E+00
  80 0.000000E+00 0.00E+00 0.000000E+00 0.00E+00 0.000000E+00 0.00E+00 0.000000E+00 0.00E+00 0.000000E+00 0.00E+00 0.000000E+00 0.00E+00 0.000000E+00 0.00E+00 0.000000E+00 0.00E+00 0.000000E+00 0.00E+00
  81 0.000000E+00 0.00E+00 0.000000E+00 0.00E+00 0.000000E+00 0.00E+00 0.000000E+00 0.00E+00 0.000000E+00 0.00E+00 0.000000E+00 0.00E+00 0.000000E+00 0.00E+00 0.000000E+00 0.00E+00 0.000000E+00 0.00E+00
  82 0.000000E+00 0.00E+00 0.000000E+00 0.00E+00 0.000000E+00 0.00E+00 0.000000E+00 0.00E+00 0.000000E+00 0.00E+00 0.000000E+00 0.00E+00 0.000000E+00 0.00E+00 0.000000E+00 0.00E+00 0.000000E+00 0.00E+00
  83 0.000000E+00 0.00E+00 0.000000E+00 0.00E+00 0.000000E+00 0.00E+00 0.000000E+00 0.00E+00 0.000000E+00 0.00E+00 0.000000E+00 0.00E+00 0.000000E+00 0.00E+00 0.000000E+00 0.00E+00 0.000000E+00 0.00E+00
  84 0.000000E+00 0.00E+00 0.000000E+00 0.00E+00 0.000000E+00 0.00E+00 0.000000E+00 0.00E+00 0.000000E+00 0.00E+00 0.000000E+00 0.00E+00 0.000000E+00 0.00E+00 0.000000E+00 0.00E+00 0.000000E+00 0.00E+00
  85-0.178709E-03 0.00E+00 0.000000E+00 0.00E+00 0.000000E+00 0.00E+00 0.166022E-02 0.00E+00-0.177524E-02 0.42E-04 0.000000E+00 0.00E+00 0.000000E+00 0.00E+00 0.000000E+00 0.00E+00 0.000000E+00 0.00E+00
  86 0.195479E-03 0.00E+00 0.000000E+00 0.00E+00 0.000000E+00 0.00E+00-0.241985E-03 0.00E+00-0.615507E-04 0.38E-04 0.000000E+00 0.00E+00 0.000000E+00 0.00E+00 0.000000E+00 0.00E+00 0.000000E+00 0.00E+00
  87 0.944695E-04 0.00E+00 0.000000E+00 0.00E+00 0.000000E+00 0.00E+00-0.814420E-03 0.00E+00-0.347329E-04 0.47E-04 0.000000E+00 0.00E+00 0.000000E+00 0.00E+00 0.000000E+00 0.00E+00 0.000000E+00 0.00E+00
  88 0.167437E-04 0.00E+00 0.000000E+00 0.00E+00 0.130713E-02 0.00E+00-0.179666E-02 0.00E+00 0.161621E-02 0.45E-03 0.000000E+00 0.00E+00 0.000000E+00 0.00E+00 0.113800E+01 0.00E+00 0.230829E+00 0.00E+00
  89 0.990038E-04 0.00E+00 0.000000E+00 0.00E+00-0.481659E-02 0.00E+00-0.410861E-02 0.00E+00 0.527699E-02 0.53E-03 0.000000E+00 0.00E+00 0.000000E+00 0.00E+00 0.101500E+01 0.00E+00-0.367410E-01 0.00E+00
  90-0.837874E-04 0.00E+00 0.000000E+00 0.00E+00-0.745024E-03 0.00E+00 0.164965E-02 0.00E+00 0.000000E+00 0.00E+00 0.000000E+00 0.00E+00 0.000000E+00 0.00E+00-0.629200E+00 0.00E+00-0.664210E-01 0.00E+00
  91 0.570359E-04 0.00E+00 0.000000E+00 0.00E+00-0.207144E-02 0.00E+00 0.420318E-03 0.00E+00 0.000000E+00 0.00E+00 0.000000E+00 0.00E+00 0.000000E+00 0.00E+00-0.106200E+00 0.00E+00 0.568120E-01 0.00E+00
  92 0.108539E-03 0.00E+00 0.000000E+00 0.00E+00-0.367417E-03 0.00E+00 0.327735E-02 0.00E+00 0.000000E+00 0.00E+00 0.000000E+00 0.00E+00 0.000000E+00 0.00E+00-0.469000E-01 0.00E+00-0.441910E-01 0.00E+00
  93 0.185811E-03 0.00E+00 0.000000E+00 0.00E+00-0.849064E-03 0.00E+00 0.122517E-02 0.00E+00 0.000000E+00 0.00E+00 0.000000E+00 0.00E+00 0.000000E+00 0.00E+00 0.157000E-02 0.00E+00-0.380750E-01 0.00E+00