The following table has been reformatted from the original IERS publication
TeX files, in order to match the parser in Orekit. The changes done are:

 - reordered the columns
 - added the column for term index
 - added the columns for planetary arguments (which are not used in IAU-80 precession)
 - separated constant and linear terms (Ai/Ai' and Bi/Bi') in different lines
 - removed the column for period
 - split the table in two tables, one for ∆ψ and one for ∆ε
 - removed the lines with only 0 coefficients (some appeared after table splitting)
 - added headers for the various parts of the tables

The numerical values have of course not been altered!

Extract for IERS conventions 1996

IAU 1980 Theory of Nutation in longitude ∆ψ and obliquity ∆ε, referred to the mean 
equator and equinox of date, with t measured in Julian centuries from epoch J2000.0. The signs of
the fundamental arguments, periods, and coefficients may differ from the original publication. These
have been changed to be consistent with other portions of this  chapter.

∆ψ = Σ (Ai+A'it) sin(ARGUMENT), ∆ε = Σ (Bi+B'it) cos(ARGUMENT)

Non-polynomial part (unit 1.0e-4 arcsecond)

--------------------------------------------------------------------------------------------------------------

    i    a_{s,j})_i      a_{c,j})_i    l    l'   F    D   Om L_Me L_Ve  L_E L_Ma  L_J L_Sa  L_U L_Ne  p_A

--------------------------------------------------------------------------------------------------------------

j = 0  Nb of terms = 106

    1    -171996.0             0.0     0    0    0    0    1   0   0     0   0     0   0     0   0     0
    2     -13187.0             0.0     0    0    2   -2    2   0   0     0   0     0   0     0   0     0
    3      -2274.0             0.0     0    0    2    0    2   0   0     0   0     0   0     0   0     0
    4       2062.0             0.0     0    0    0    0    2   0   0     0   0     0   0     0   0     0
    5      -1426.0             0.0     0   -1    0    0    0   0   0     0   0     0   0     0   0     0
    6        712.0             0.0     1    0    0    0    0   0   0     0   0     0   0     0   0     0
    7       -517.0             0.0     0    1    2   -2    2   0   0     0   0     0   0     0   0     0
    8       -386.0             0.0     0    0    2    0    1   0   0     0   0     0   0     0   0     0
    9       -301.0             0.0     1    0    2    0    2   0   0     0   0     0   0     0   0     0
   10        217.0             0.0     0   -1    2   -2    2   0   0     0   0     0   0     0   0     0
   11        158.0             0.0    -1    0    0    2    0   0   0     0   0     0   0     0   0     0
   12        129.0             0.0     0    0    2   -2    1   0   0     0   0     0   0     0   0     0
   13        123.0             0.0    -1    0    2    0    2   0   0     0   0     0   0     0   0     0
   14         63.0             0.0     1    0    0    0    1   0   0     0   0     0   0     0   0     0
   15         63.0             0.0     0    0    0    2    0   0   0     0   0     0   0     0   0     0
   16        -59.0             0.0    -1    0    2    2    2   0   0     0   0     0   0     0   0     0
   17        -58.0             0.0    -1    0    0    0    1   0   0     0   0     0   0     0   0     0
   18        -51.0             0.0     1    0    2    0    1   0   0     0   0     0   0     0   0     0
   19        -48.0             0.0    -2    0    0    2    0   0   0     0   0     0   0     0   0     0
   20         46.0             0.0    -2    0    2    0    1   0   0     0   0     0   0     0   0     0
   21        -38.0             0.0     0    0    2    2    2   0   0     0   0     0   0     0   0     0
   22        -31.0             0.0     2    0    2    0    2   0   0     0   0     0   0     0   0     0
   23         29.0             0.0     2    0    0    0    0   0   0     0   0     0   0     0   0     0
   24         29.0             0.0     1    0    2   -2    2   0   0     0   0     0   0     0   0     0
   25         26.0             0.0     0    0    2    0    0   0   0     0   0     0   0     0   0     0
   26        -22.0             0.0     0    0    2   -2    0   0   0     0   0     0   0     0   0     0
   27         21.0             0.0    -1    0    2    0    1   0   0     0   0     0   0     0   0     0
   28         17.0             0.0     0    2    0    0    0   0   0     0   0     0   0     0   0     0
   29        -16.0             0.0     0    2    2   -2    2   0   0     0   0     0   0     0   0     0
   30         16.0             0.0    -1    0    0    2    1   0   0     0   0     0   0     0   0     0
   31        -15.0             0.0     0    1    0    0    1   0   0     0   0     0   0     0   0     0
   32        -13.0             0.0     1    0    0   -2    1   0   0     0   0     0   0     0   0     0
   33        -12.0             0.0     0   -1    0    0    1   0   0     0   0     0   0     0   0     0
   34         11.0             0.0     2    0   -2    0    0   0   0     0   0     0   0     0   0     0
   35        -10.0             0.0    -1    0    2    2    1   0   0     0   0     0   0     0   0     0
   36         -8.0             0.0     1    0    2    2    2   0   0     0   0     0   0     0   0     0
   37         -7.0             0.0     0   -1    2    0    2   0   0     0   0     0   0     0   0     0
   38         -7.0             0.0     0    0    2    2    1   0   0     0   0     0   0     0   0     0
   39         -7.0             0.0     1    1    0   -2    0   0   0     0   0     0   0     0   0     0
   40          7.0             0.0     0    1    2    0    2   0   0     0   0     0   0     0   0     0
   41         -6.0             0.0    -2    0    0    2    1   0   0     0   0     0   0     0   0     0
   42         -6.0             0.0     0    0    0    2    1   0   0     0   0     0   0     0   0     0
   43          6.0             0.0     2    0    2   -2    2   0   0     0   0     0   0     0   0     0
   44          6.0             0.0     1    0    0    2    0   0   0     0   0     0   0     0   0     0
   45          6.0             0.0     1    0    2   -2    1   0   0     0   0     0   0     0   0     0
   46         -5.0             0.0     0    0    0   -2    1   0   0     0   0     0   0     0   0     0
   47         -5.0             0.0     0   -1    2   -2    1   0   0     0   0     0   0     0   0     0
   48         -5.0             0.0     2    0    2    0    1   0   0     0   0     0   0     0   0     0
   49          5.0             0.0     1   -1    0    0    0   0   0     0   0     0   0     0   0     0
   50         -4.0             0.0     1    0    0   -1    0   0   0     0   0     0   0     0   0     0
   51         -4.0             0.0     0    0    0    1    0   0   0     0   0     0   0     0   0     0
   52         -4.0             0.0     0    1    0   -2    0   0   0     0   0     0   0     0   0     0
   53          4.0             0.0     1    0   -2    0    0   0   0     0   0     0   0     0   0     0
   54          4.0             0.0     2    0    0   -2    1   0   0     0   0     0   0     0   0     0
   55          4.0             0.0     0    1    2   -2    1   0   0     0   0     0   0     0   0     0
   56         -3.0             0.0     1    1    0    0    0   0   0     0   0     0   0     0   0     0
   57         -3.0             0.0     1   -1    0   -1    0   0   0     0   0     0   0     0   0     0
   58         -3.0             0.0    -1   -1    2    2    2   0   0     0   0     0   0     0   0     0
   59         -3.0             0.0     0   -1    2    2    2   0   0     0   0     0   0     0   0     0
   60         -3.0             0.0     1   -1    2    0    2   0   0     0   0     0   0     0   0     0
   61         -3.0             0.0     3    0    2    0    2   0   0     0   0     0   0     0   0     0
   62         -3.0             0.0    -2    0    2    0    2   0   0     0   0     0   0     0   0     0
   63          3.0             0.0     1    0    2    0    0   0   0     0   0     0   0     0   0     0
   64         -2.0             0.0    -1    0    2    4    2   0   0     0   0     0   0     0   0     0
   65         -2.0             0.0     1    0    0    0    2   0   0     0   0     0   0     0   0     0
   66         -2.0             0.0    -1    0    2   -2    1   0   0     0   0     0   0     0   0     0
   67         -2.0             0.0     0   -2    2   -2    1   0   0     0   0     0   0     0   0     0
   68         -2.0             0.0    -2    0    0    0    1   0   0     0   0     0   0     0   0     0
   69          2.0             0.0     2    0    0    0    1   0   0     0   0     0   0     0   0     0
   70          2.0             0.0     3    0    0    0    0   0   0     0   0     0   0     0   0     0
   71          2.0             0.0     1    1    2    0    2   0   0     0   0     0   0     0   0     0
   72          2.0             0.0     0    0    2    1    2   0   0     0   0     0   0     0   0     0
   73         -1.0             0.0     1    0    0    2    1   0   0     0   0     0   0     0   0     0
   74         -1.0             0.0     1    0    2    2    1   0   0     0   0     0   0     0   0     0
   75         -1.0             0.0     1    1    0   -2    1   0   0     0   0     0   0     0   0     0
   76         -1.0             0.0     0    1    0    2    0   0   0     0   0     0   0     0   0     0
   77         -1.0             0.0     0    1    2   -2    0   0   0     0   0     0   0     0   0     0
   78         -1.0             0.0     0    1   -2    2    0   0   0     0   0     0   0     0   0     0
   79         -1.0             0.0     1    0   -2    2    0   0   0     0   0     0   0     0   0     0
   80         -1.0             0.0     1    0   -2   -2    0   0   0     0   0     0   0     0   0     0
   81         -1.0             0.0     1    0    2   -2    0   0   0     0   0     0   0     0   0     0
   82         -1.0             0.0     1    0    0   -4    0   0   0     0   0     0   0     0   0     0
   83         -1.0             0.0     2    0    0   -4    0   0   0     0   0     0   0     0   0     0
   84         -1.0             0.0     0    0    2    4    2   0   0     0   0     0   0     0   0     0
   85         -1.0             0.0     0    0    2   -1    2   0   0     0   0     0   0     0   0     0
   86         -1.0             0.0    -2    0    2    4    2   0   0     0   0     0   0     0   0     0
   87         -1.0             0.0     2    0    2    2    2   0   0     0   0     0   0     0   0     0
   88         -1.0             0.0     0   -1    2    0    1   0   0     0   0     0   0     0   0     0
   89         -1.0             0.0     0    0   -2    0    1   0   0     0   0     0   0     0   0     0
   90          1.0             0.0     0    0    4   -2    2   0   0     0   0     0   0     0   0     0
   91          1.0             0.0     0    1    0    0    2   0   0     0   0     0   0     0   0     0
   92          1.0             0.0     1    1    2   -2    2   0   0     0   0     0   0     0   0     0
   93          1.0             0.0     3    0    2   -2    2   0   0     0   0     0   0     0   0     0
   94          1.0             0.0    -2    0    2    2    2   0   0     0   0     0   0     0   0     0
   95          1.0             0.0    -1    0    0    0    2   0   0     0   0     0   0     0   0     0
   96          1.0             0.0     0    0   -2    2    1   0   0     0   0     0   0     0   0     0
   97          1.0             0.0     0    1    2    0    1   0   0     0   0     0   0     0   0     0
   98          1.0             0.0    -1    0    4    0    2   0   0     0   0     0   0     0   0     0
   99          1.0             0.0     2    1    0   -2    0   0   0     0   0     0   0     0   0     0
  100          1.0             0.0     2    0    0    2    0   0   0     0   0     0   0     0   0     0
  101          1.0             0.0     2    0    2   -2    1   0   0     0   0     0   0     0   0     0
  102          1.0             0.0     2    0   -2    0    1   0   0     0   0     0   0     0   0     0
  103          1.0             0.0     1   -1    0   -2    0   0   0     0   0     0   0     0   0     0
  104          1.0             0.0    -1    0    0    1    1   0   0     0   0     0   0     0   0     0
  105          1.0             0.0    -1   -1    0    2    1   0   0     0   0     0   0     0   0     0
  106          1.0             0.0     0    1    0    1    0   0   0     0   0     0   0     0   0     0

j = 1  Nb of terms = 14

  107       -174.2             0.0     0    0    0    0    1   0   0     0   0     0   0     0   0     0
  108         -1.6             0.0     0    0    2   -2    2   0   0     0   0     0   0     0   0     0
  109         -0.2             0.0     0    0    2    0    2   0   0     0   0     0   0     0   0     0
  110          0.2             0.0     0    0    0    0    2   0   0     0   0     0   0     0   0     0
  111          3.4             0.0     0   -1    0    0    0   0   0     0   0     0   0     0   0     0
  112          0.1             0.0     1    0    0    0    0   0   0     0   0     0   0     0   0     0
  113          1.2             0.0     0    1    2   -2    2   0   0     0   0     0   0     0   0     0
  114         -0.4             0.0     0    0    2    0    1   0   0     0   0     0   0     0   0     0
  115         -0.5             0.0     0   -1    2   -2    2   0   0     0   0     0   0     0   0     0
  116          0.1             0.0     0    0    2   -2    1   0   0     0   0     0   0     0   0     0
  117          0.1             0.0     1    0    0    0    1   0   0     0   0     0   0     0   0     0
  118         -0.1             0.0    -1    0    0    0    1   0   0     0   0     0   0     0   0     0
  119         -0.1             0.0     0    2    0    0    0   0   0     0   0     0   0     0   0     0
  120          0.1             0.0     0    2    2   -2    2   0   0     0   0     0   0     0   0     0
